"Date","Open","High","Low","Close","Volume","OpenInt"
06/19/1998,1199.40,1199.40,1199.40,1199.40,1,0
06/22/1998,1204.00,1204.00,1204.00,1204.00,0,0
06/23/1998,1218.60,1218.60,1218.60,1218.60,0,0
06/24/1998,1235.10,1235.10,1235.10,1235.10,0,0
06/25/1998,1232.30,1232.30,1232.30,1232.30,0,0
06/26/1998,1236.30,1236.30,1236.30,1236.30,0,0
06/29/1998,1242.50,1242.50,1242.50,1242.50,0,0
06/30/1998,1235.50,1235.50,1235.50,1235.50,0,0
07/01/1998,1250.80,1250.80,1250.80,1250.80,0,0
07/02/1998,1251.80,1251.80,1251.80,1251.80,0,0
07/06/1998,1262.80,1262.80,1262.80,1262.80,0,0
07/07/1998,1258.60,1258.60,1258.60,1258.60,0,0
07/08/1998,1267.80,1267.80,1267.80,1267.80,0,0
07/09/1998,1261.30,1261.30,1261.30,1261.30,0,0
07/10/1998,1266.80,1266.80,1266.80,1266.80,0,0
07/13/1998,1267.50,1267.50,1267.50,1267.50,0,0
07/14/1998,1279.80,1279.80,1279.80,1279.80,0,0
07/15/1998,1278.40,1278.40,1278.40,1278.40,0,0
07/16/1998,1285.70,1285.70,1285.70,1285.70,0,0
07/17/1998,1287.70,1287.70,1287.70,1287.70,0,0
07/20/1998,1286.70,1286.70,1286.70,1286.70,0,0
07/21/1998,1264.70,1264.70,1264.70,1264.70,0,0
07/22/1998,1264.90,1264.90,1264.90,1264.90,0,0
07/23/1998,1239.40,1239.40,1239.40,1239.40,0,0
07/24/1998,1237.40,1237.40,1237.40,1237.40,0,0
07/27/1998,1243.90,1243.90,1243.90,1243.90,0,0
07/28/1998,1225.90,1225.90,1225.90,1225.90,0,0
07/29/1998,1218.90,1218.90,1218.90,1218.90,0,0
07/30/1998,1235.90,1235.90,1235.90,1235.90,0,0
07/31/1998,1214.90,1214.90,1214.90,1214.90,0,0
08/03/1998,1208.40,1208.40,1208.40,1208.40,0,0
08/04/1998,1159.80,1159.80,1159.80,1159.80,0,0
08/05/1998,1172.80,1172.80,1172.80,1172.80,0,0
08/06/1998,1176.70,1176.70,1176.70,1176.70,0,0
08/07/1998,1176.70,1176.70,1176.70,1176.70,0,0
08/10/1998,1171.70,1171.70,1171.70,1171.70,0,0
08/11/1998,1154.80,1154.80,1154.80,1154.80,0,0
08/12/1998,1173.80,1173.80,1173.80,1173.80,0,0
08/13/1998,1160.40,1160.40,1160.40,1160.40,0,0
08/14/1998,1146.40,1146.40,1146.40,1146.40,0,0
08/17/1998,1167.00,1167.00,1167.00,1167.00,0,0
08/18/1998,1190.30,1190.30,1190.30,1190.30,0,0
08/19/1998,1188.30,1188.30,1188.30,1188.30,0,0
08/20/1998,1180.30,1180.30,1180.30,1180.30,0,0
08/21/1998,1171.00,1171.00,1171.00,1171.00,0,0
08/24/1998,1176.50,1176.50,1176.50,1176.50,0,0
08/25/1998,1176.00,1176.00,1176.00,1176.00,0,0
08/26/1998,1167.50,1167.50,1167.50,1167.50,0,0
08/27/1998,1112.50,1112.50,1112.50,1112.50,0,0
08/28/1998,1108.60,1108.60,1108.60,1108.60,0,0
08/31/1998,1017.20,1017.20,1017.20,1017.20,0,0
09/01/1998,1062.20,1062.20,1062.20,1062.20,0,0
09/02/1998,1053.30,1053.30,1053.30,1053.30,0,0
09/03/1998,1046.30,1046.30,1046.30,1046.30,0,0
09/04/1998,1038.30,1038.30,1038.30,1038.30,0,0
09/08/1998,1094.60,1094.60,1094.60,1094.60,0,0
09/09/1998,1068.60,1068.60,1068.60,1068.60,0,0
09/10/1998,1034.60,1034.60,1034.60,1034.60,0,0
09/11/1998,1079.60,1079.60,1079.60,1079.60,0,0
09/14/1998,1094.90,1094.90,1094.90,1094.90,0,0
09/15/1998,1103.90,1103.90,1103.90,1103.90,0,0
09/16/1998,1117.10,1117.10,1117.10,1117.10,0,0
09/17/1998,1086.10,1086.10,1086.10,1086.10,0,0
09/18/1998,1087.10,1087.10,1087.10,1087.10,0,0
09/21/1998,1086.50,1086.50,1086.50,1086.50,0,0
09/22/1998,1095.50,1095.50,1095.50,1095.50,0,0
09/23/1998,1135.50,1135.50,1135.50,1135.50,0,0
09/24/1998,1109.00,1109.00,1109.00,1109.00,0,0
09/25/1998,1105.50,1105.50,1105.50,1105.50,0,0
09/28/1998,1118.00,1118.00,1118.00,1118.00,0,0
09/29/1998,1112.00,1112.00,1112.00,1112.00,0,0
09/30/1998,1079.50,1079.50,1079.50,1079.50,0,0
10/01/1998,1042.00,1042.00,1042.00,1042.00,0,0
10/02/1998,1061.00,1061.00,1061.00,1061.00,0,0
10/05/1998,1043.00,1043.00,1043.00,1043.00,0,0
10/06/1998,1043.50,1043.50,1043.50,1043.50,0,0
10/07/1998,1028.00,1028.00,1028.00,1028.00,0,0
10/08/1998,1015.00,1015.00,1015.00,1015.00,0,0
10/09/1998,1041.00,1041.00,1041.00,1041.00,0,0
10/12/1998,1053.00,1053.00,1053.00,1053.00,0,0
10/13/1998,1051.00,1051.00,1051.00,1051.00,0,0
10/14/1998,1058.00,1058.00,1058.00,1058.00,0,0
10/15/1998,1110.00,1110.00,1110.00,1110.00,0,0
10/16/1998,1112.00,1112.00,1112.00,1112.00,0,0
10/19/1998,1115.70,1115.70,1115.70,1115.70,0,0
10/20/1998,1121.40,1121.40,1121.40,1121.40,0,0
10/21/1998,1119.90,1119.90,1119.90,1119.90,0,0
10/22/1998,1135.90,1135.90,1135.90,1135.90,0,0
10/23/1998,1124.50,1124.50,1124.50,1124.50,0,0
10/26/1998,1134.00,1134.00,1134.00,1134.00,0,0
10/27/1998,1125.50,1125.50,1125.50,1125.50,0,0
10/28/1998,1124.10,1124.10,1124.10,1124.10,0,0
10/29/1998,1149.30,1149.30,1149.30,1149.30,0,0
10/30/1998,1159.30,1159.30,1159.30,1159.30,0,0
11/02/1998,1178.20,1178.20,1178.20,1178.20,146,130
11/03/1998,1173.20,1173.20,1173.20,1173.20,0,130
11/04/1998,1184.20,1184.20,1184.20,1184.20,0,130
11/05/1998,1201.70,1201.70,1201.70,1201.70,77,281
11/06/1998,1211.10,1211.10,1211.10,1211.10,185,311
11/09/1998,1198.50,1198.50,1198.50,1198.50,0,311
11/10/1998,1189.90,1189.90,1189.90,1189.90,201,462
11/11/1998,1186.90,1186.90,1186.90,1186.90,29,451
11/12/1998,1185.50,1185.50,1185.50,1185.50,0,451
11/13/1998,1194.30,1194.30,1194.30,1194.30,0,466
11/16/1998,1204.90,1204.90,1204.90,1204.90,0,466
11/17/1998,1206.60,1206.60,1206.60,1206.60,15,466
11/18/1998,1214.00,1214.00,1214.00,1214.00,0,466
11/19/1998,1223.30,1223.30,1223.30,1223.30,0,466
11/20/1998,1232.90,1232.90,1232.90,1232.90,0,466
11/23/1998,1263.00,1263.00,1263.00,1263.00,0,466
11/24/1998,1257.20,1257.20,1257.20,1257.20,0,466
11/25/1998,1258.10,1258.10,1258.10,1258.10,0,466
11/27/1998,1265.70,1265.70,1265.70,1265.70,0,466
11/30/1998,1231.20,1231.20,1231.20,1231.20,0,466
12/01/1998,1242.20,1242.20,1242.20,1242.20,0,466
12/02/1998,1238.50,1238.50,1238.50,1238.50,10,471
12/03/1998,1217.90,1217.90,1217.90,1217.90,0,471
12/04/1998,1247.20,1247.20,1247.20,1247.20,0,471
12/07/1998,1256.20,1256.20,1256.20,1256.20,0,471
12/08/1998,1250.10,1250.10,1250.10,1250.10,0,471
12/09/1998,1252.20,1252.20,1252.20,1252.20,0,471
12/10/1998,1232.60,1232.60,1232.60,1232.60,0,471
12/11/1998,1229.60,1229.60,1229.60,1229.60,0,471
12/14/1998,1201.60,1201.60,1201.60,1201.60,0,471
12/15/1998,1226.50,1226.50,1226.50,1226.50,0,471
12/16/1998,1226.50,1226.50,1226.50,1226.50,0,471
12/17/1998,1246.50,1246.50,1246.50,1246.50,0,471
12/18/1998,1251.50,1251.50,1251.50,1251.50,0,471
12/21/1998,1269.60,1269.60,1269.60,1269.60,0,471
12/22/1998,1271.60,1271.60,1271.60,1271.60,0,471
12/23/1998,1300.60,1300.60,1300.60,1300.60,0,471
12/24/1998,1299.00,1299.00,1299.00,1299.00,0,471
12/28/1998,1293.00,1293.00,1293.00,1293.00,0,471
12/29/1998,1316.40,1316.40,1316.40,1316.40,0,471
12/30/1998,1315.00,1315.00,1301.90,1301.90,2,473
12/31/1998,1305.20,1305.20,1305.20,1305.20,0,473
01/04/1999,1298.40,1298.40,1298.40,1298.40,0,473
01/05/1999,1310.50,1310.50,1310.50,1310.50,0,473
01/06/1999,1332.00,1339.50,1332.00,1339.50,4,473
01/07/1999,1336.00,1336.70,1336.00,1336.70,2,475
01/08/1999,1348.00,1348.00,1348.00,1348.00,0,470
01/11/1999,1335.30,1335.30,1335.30,1335.30,0,470
01/12/1999,1310.80,1310.80,1310.80,1310.80,0,470
01/13/1999,1283.80,1295.70,1283.80,1295.70,2,472
01/14/1999,1273.50,1273.50,1273.50,1273.50,0,472
01/15/1999,1307.00,1307.00,1307.00,1307.00,0,472
01/19/1999,1313.30,1313.30,1313.30,1313.30,0,472
01/20/1999,1333.70,1333.70,1329.70,1329.70,6,470
01/21/1999,1290.30,1290.30,1290.30,1290.30,20,487
01/22/1999,1290.00,1290.00,1289.20,1289.20,4,488
01/25/1999,1301.00,1301.00,1301.00,1301.00,0,488
01/26/1999,1315.00,1327.70,1315.00,1327.70,2,487
01/27/1999,1327.00,1327.00,1307.90,1307.90,5,491
01/28/1999,1327.90,1327.90,1327.90,1327.90,0,491
01/29/1999,1337.00,1345.00,1337.00,1345.00,2,493
02/01/1999,1347.00,1347.00,1338.60,1338.60,2,495
02/02/1999,1328.90,1328.90,1328.90,1328.90,1,496
02/03/1999,1342.60,1342.60,1342.60,1342.60,0,496
02/04/1999,1319.80,1319.80,1319.80,1319.80,0,495
02/05/1999,1306.90,1306.90,1306.90,1306.90,0,495
02/08/1999,1310.60,1310.60,1310.60,1310.60,0,495
02/09/1999,1280.50,1280.50,1280.50,1280.50,1,495
02/10/1999,1286.00,1286.00,1286.00,1286.00,0,495
02/11/1999,1323.50,1323.50,1323.50,1323.50,0,495
02/12/1999,1301.00,1301.00,1301.00,1301.00,0,495
02/16/1999,1305.10,1305.10,1305.10,1305.10,0,495
02/17/1999,1291.30,1291.30,1291.30,1291.30,0,495
02/18/1999,1299.90,1299.90,1299.90,1299.90,0,495
02/19/1999,1305.20,1305.20,1305.20,1305.20,0,495
02/22/1999,1337.50,1337.50,1337.50,1337.50,0,495
02/23/1999,1339.50,1339.50,1339.50,1339.50,0,495
02/24/1999,1316.30,1316.30,1316.30,1316.30,0,495
02/25/1999,1313.00,1313.00,1304.40,1304.40,6,489
02/26/1999,1299.50,1299.50,1299.50,1299.50,0,489
03/01/1999,1302.50,1302.50,1302.50,1302.50,0,499
03/02/1999,1292.70,1292.70,1292.70,1292.70,0,499
03/03/1999,1297.50,1297.50,1297.50,1297.50,0,494
03/04/1999,1300.00,1313.70,1300.00,1313.70,2,496
03/05/1999,1335.50,1343.40,1335.00,1343.40,1,497
03/08/1999,1348.30,1348.30,1348.30,1348.30,3,500
03/09/1999,1345.30,1345.30,1345.30,1345.30,0,500
03/10/1999,1355.00,1355.00,1355.00,1355.00,0,500
03/11/1999,1370.00,1370.00,1370.00,1370.00,0,500
03/12/1999,1356.40,1356.40,1356.40,1356.40,0,500
03/15/1999,1371.70,1371.70,1371.70,1371.70,0,500
03/16/1999,1371.90,1371.90,1371.90,1371.90,0,500
03/17/1999,1364.90,1364.90,1364.90,1364.90,0,500
03/18/1999,1384.50,1384.50,1384.50,1384.50,0,500
03/19/1999,1363.00,1363.00,1363.00,1363.00,7,505
03/22/1999,1366.00,1366.00,1366.00,1366.00,0,505
03/23/1999,1346.50,1346.50,1325.00,1325.00,1,505
03/24/1999,1323.00,1332.40,1323.00,1332.40,0,505
03/25/1999,1358.00,1358.00,1358.00,1358.00,1,505
03/26/1999,1350.40,1350.40,1350.40,1350.40,0,505
03/29/1999,1370.80,1370.80,1370.80,1370.80,0,505
03/30/1999,1370.80,1370.80,1370.80,1370.80,0,505
03/31/1999,1349.00,1349.00,1349.00,1349.00,0,505
04/01/1999,1357.50,1357.50,1357.50,1357.50,0,505
04/05/1999,1370.00,1388.70,1370.00,1388.70,0,505
04/06/1999,1385.90,1385.90,1385.90,1385.90,2,507
04/07/1999,1393.90,1393.90,1393.90,1393.90,0,507
04/08/1999,1410.90,1410.90,1410.90,1410.90,0,507
04/09/1999,1415.00,1415.00,1411.00,1414.10,2,507
04/12/1999,1428.00,1428.00,1428.00,1428.00,0,507
04/13/1999,1418.10,1418.10,1418.10,1418.10,0,507
04/14/1999,1394.50,1394.50,1394.50,1394.50,0,507
04/15/1999,1387.00,1387.00,1387.00,1387.00,0,507
04/16/1999,1377.80,1377.80,1377.80,1377.80,0,507
04/19/1999,1349.80,1355.90,1349.80,1355.90,0,507
04/20/1999,1370.00,1370.00,1369.50,1369.50,4,508
04/21/1999,1406.80,1406.80,1406.80,1406.80,6,508
04/22/1999,1410.00,1425.00,1410.00,1425.00,7,509
04/23/1999,1425.00,1425.00,1420.70,1420.70,12,504
04/26/1999,1427.30,1427.30,1427.30,1427.30,0,502
04/27/1999,1432.20,1432.20,1432.20,1432.20,0,502
04/28/1999,1414.70,1414.70,1414.70,1414.70,0,502
04/29/1999,1403.00,1403.00,1403.00,1403.00,0,502
04/30/1999,1391.90,1391.90,1391.90,1391.90,0,502
05/03/1999,1415.80,1415.80,1415.80,1415.80,3,502
05/04/1999,1398.70,1398.70,1398.70,1398.70,0,502
05/05/1999,1407.70,1407.70,1407.70,1407.70,0,502
05/06/1999,1398.20,1398.20,1398.20,1398.20,0,502
05/07/1999,1407.00,1407.00,1407.00,1407.00,0,502
05/10/1999,1402.60,1402.60,1402.60,1402.60,0,502
05/11/1999,1414.40,1414.40,1414.40,1414.40,0,502
05/12/1999,1425.20,1425.20,1425.20,1425.20,0,502
05/13/1999,1428.00,1431.30,1428.00,1431.30,15,504
05/14/1999,1395.40,1395.40,1395.40,1395.40,5,508
05/17/1999,1389.80,1397.00,1389.80,1397.00,12,512
05/18/1999,1397.70,1397.70,1397.70,1397.70,0,512
05/19/1999,1406.60,1406.60,1406.60,1406.60,0,512
05/20/1999,1410.00,1410.00,1400.10,1400.10,2,513
05/21/1999,1389.80,1391.60,1389.80,1391.60,4,512
05/24/1999,1368.80,1368.80,1368.80,1368.80,3,511
05/25/1999,1349.80,1349.80,1339.90,1339.90,2,511
05/26/1999,1360.00,1360.00,1360.00,1360.00,0,510
05/27/1999,1341.40,1341.40,1341.40,1341.40,2,509
05/28/1999,1352.50,1352.50,1352.50,1352.50,0,509
06/01/1999,1352.10,1352.10,1352.10,1352.10,0,509
06/02/1999,1352.80,1352.80,1352.80,1352.80,0,509
06/03/1999,1362.10,1362.10,1362.10,1362.10,0,509
06/04/1999,1365.40,1387.70,1364.50,1387.70,3,511
06/07/1999,1390.00,1391.70,1390.00,1391.70,72,517
06/08/1999,1379.70,1379.70,1379.70,1379.70,0,517
06/09/1999,1378.00,1378.00,1377.40,1377.40,37,528
06/10/1999,1369.80,1369.80,1365.30,1365.30,0,528
06/11/1999,1353.50,1353.50,1353.50,1353.50,0,526
06/14/1999,1354.20,1354.20,1354.20,1354.20,2,524
06/15/1999,1363.50,1363.50,1363.50,1363.50,0,524
06/16/1999,1390.00,1390.00,1388.40,1388.40,2,524
06/17/1999,1401.30,1401.30,1401.30,1401.30,0,524
06/18/1999,1402.30,1402.30,1402.30,1402.30,0,524
06/21/1999,1406.90,1406.90,1406.90,1406.90,60,481
06/22/1999,1396.20,1396.20,1396.20,1396.20,0,481
06/23/1999,1389.30,1389.30,1389.30,1389.30,40,481
06/24/1999,1369.80,1380.00,1369.80,1380.00,2,479
06/25/1999,1376.60,1376.60,1376.60,1376.60,2,477
06/28/1999,1390.00,1391.00,1390.00,1391.00,2,489
06/29/1999,1405.10,1405.10,1405.10,1405.10,0,489
06/30/1999,1401.00,1430.50,1401.00,1430.50,14,489
07/01/1999,1422.00,1441.20,1422.00,1441.20,21,489
07/02/1999,1450.00,1455.00,1450.00,1455.00,1,0
07/06/1999,1453.30,1453.30,1453.30,1453.30,0,491
07/07/1999,1454.30,1454.30,1454.30,1454.30,0,491
07/08/1999,1454.50,1454.50,1454.50,1454.50,0,481
07/09/1999,1456.00,1464.30,1456.00,1464.30,2,481
07/12/1999,1459.50,1459.50,1458.50,1458.60,2,481
07/13/1999,1451.00,1454.20,1451.00,1453.20,4,483
07/14/1999,1458.40,1458.40,1458.40,1458.40,396,835
07/15/1999,1468.90,1468.90,1468.90,1468.90,60,885
07/16/1999,1477.50,1477.50,1477.50,1477.50,10,886
07/19/1999,1467.30,1467.30,1467.30,1467.30,1,885
07/20/1999,1434.80,1435.20,1434.80,1435.20,227,930
07/21/1999,1429.80,1433.20,1429.80,1433.20,4,930
07/22/1999,1420.00,1421.00,1415.30,1415.30,8,930
07/23/1999,1410.80,1410.80,1410.80,1410.80,1,930
07/26/1999,1402.50,1402.50,1402.50,1402.50,1,930
07/27/1999,1411.50,1411.50,1411.50,1411.50,1,930
07/28/1999,1415.70,1415.70,1415.70,1415.70,1,930
07/29/1999,1396.60,1396.60,1396.60,1396.60,1,930
07/30/1999,1379.10,1379.10,1379.10,1379.10,29,937
08/02/1999,1383.70,1383.70,1383.70,1383.70,1,931
08/03/1999,1369.90,1376.30,1369.90,1376.30,2,930
08/04/1999,1355.80,1355.80,1355.80,1355.80,1,930
08/05/1999,1367.80,1367.80,1367.80,1367.80,1,930
08/06/1999,1353.40,1353.40,1353.40,1353.40,35,962
08/09/1999,1357.50,1357.50,1350.40,1350.40,1,963
08/10/1999,1334.20,1337.50,1334.20,1337.50,1,963
08/11/1999,1351.50,1351.50,1351.50,1351.50,5,961
08/12/1999,1364.00,1364.00,1352.10,1352.10,320,1164
08/13/1999,1380.90,1380.90,1380.90,1380.90,6,1163
08/16/1999,1387.70,1387.70,1387.70,1387.70,15,1178
08/17/1999,1392.00,1395.40,1392.00,1395.40,66,1180
08/18/1999,1382.70,1382.70,1382.70,1382.70,0,1180
08/19/1999,1369.80,1374.40,1369.80,1374.40,177,1174
08/20/1999,1388.20,1388.20,1388.20,1388.20,0,1174
08/23/1999,1395.00,1415.20,1395.00,1415.20,3,1176
08/24/1999,1419.50,1419.50,1419.50,1419.50,257,1433
08/25/1999,1432.50,1432.50,1432.50,1432.50,0,1433
08/26/1999,1416.80,1416.80,1416.80,1416.80,40,1473
08/27/1999,1400.50,1400.50,1400.50,1400.50,0,1473
08/30/1999,1399.80,1399.80,1374.50,1374.50,22,1471
08/31/1999,1367.90,1367.90,1367.90,1367.90,34,1493
09/01/1999,1374.80,1382.80,1374.80,1382.80,22,1469
09/02/1999,1368.50,1368.50,1368.50,1368.50,99,1470
09/03/1999,1395.20,1411.70,1395.20,1411.70,2,1471
09/07/1999,1402.00,1402.00,1402.00,1402.00,0,1471
09/08/1999,1394.90,1394.90,1394.90,1394.90,30,1481
09/09/1999,1394.00,1394.00,1394.00,1394.00,340,1609
09/10/1999,1403.10,1403.10,1403.10,1403.10,1,1610
09/13/1999,1395.90,1395.90,1395.90,1395.90,5,1610
09/14/1999,1386.10,1386.10,1386.10,1386.10,250,1710
09/15/1999,1374.90,1374.90,1365.00,1365.00,202,1810
09/16/1999,1366.60,1366.60,1366.60,1366.60,52,1858
09/17/1999,1384.70,1384.70,1384.70,1384.70,0,1858
09/20/1999,1382.00,1382.00,1382.00,1382.00,0,1858
09/21/1999,1354.50,1354.50,1354.50,1354.50,90,1904
09/22/1999,1343.80,1354.20,1343.80,1354.20,126,1934
09/23/1999,1322.90,1322.90,1322.90,1322.90,337,2131
09/24/1999,1319.60,1319.60,1319.60,1319.60,54,2128
09/27/1999,1327.60,1327.60,1327.60,1327.60,100,2143
09/28/1999,1315.30,1325.70,1315.30,1325.70,27,2146
09/29/1999,1310.90,1310.90,1310.90,1310.90,11,2146
09/30/1999,1334.00,1334.00,1329.40,1329.40,2,2146
10/01/1999,1313.80,1325.10,1313.80,1325.10,32,2156
10/04/1999,1334.10,1351.20,1334.10,1351.20,166,2270
10/05/1999,1348.20,1348.20,1348.20,1348.20,102,2308
10/06/1999,1364.10,1368.10,1364.10,1368.10,3,2308
10/07/1999,1362.80,1362.80,1362.80,1362.80,255,2485
10/08/1999,1380.30,1380.30,1380.30,1380.30,0,2485
10/11/1999,1381.00,1381.00,1381.00,1381.00,0,2484
10/12/1999,1359.50,1359.50,1359.50,1359.50,0,2484
10/13/1999,1343.90,1343.90,1322.00,1322.00,40,2484
10/14/1999,1313.90,1322.30,1313.90,1322.30,15,2491
10/15/1999,1288.20,1288.20,1288.20,1288.20,1,2498
10/18/1999,1279.80,1296.60,1279.80,1296.60,33,2473
10/19/1999,1306.00,1306.00,1306.00,1306.00,102,2479
10/20/1999,1324.90,1324.90,1324.90,1324.90,122,2537
10/21/1999,1328.10,1328.10,1328.10,1328.10,59,2547
10/22/1999,1334.00,1343.00,1334.00,1339.90,33,2556
10/25/1999,1330.80,1336.00,1330.80,1333.20,7,2552
10/26/1999,1317.50,1317.50,1317.50,1317.50,25,2552
10/27/1999,1337.50,1337.50,1337.50,1337.50,7,2557
10/28/1999,1364.10,1383.80,1364.10,1383.80,137,2569
10/29/1999,1394.00,1414.00,1394.00,1409.90,109,2574
11/01/1999,1396.00,1396.00,1396.00,1396.00,25,2579
11/02/1999,1385.70,1385.70,1385.70,1385.70,122,2581
11/03/1999,1389.80,1393.70,1389.80,1393.70,9,2586
11/04/1999,1401.80,1401.80,1401.80,1401.80,12,2586
11/05/1999,1422.00,1422.00,1417.80,1417.80,9,2594
11/08/1999,1416.40,1416.40,1416.40,1416.40,7,2594
11/09/1999,1405.10,1405.10,1405.10,1405.10,1,2594
11/10/1999,1413.60,1413.60,1413.60,1413.60,47,2603
11/11/1999,1421.50,1421.50,1421.50,1421.50,60,2645
11/12/1999,1434.00,1435.40,1434.00,1435.40,27,2647
11/15/1999,1436.80,1436.80,1436.80,1436.80,35,2635
11/16/1999,1454.00,1466.00,1454.00,1466.00,2,2635
11/17/1999,1452.70,1452.70,1452.70,1452.70,177,2781
11/18/1999,1461.00,1463.70,1461.00,1463.70,285,2847
11/19/1999,1462.90,1462.90,1462.90,1462.90,30,2843
11/22/1999,1462.70,1462.70,1462.70,1462.70,22,2845
11/23/1999,1447.40,1447.40,1447.40,1447.40,5,2850
11/24/1999,1457.00,1457.00,1457.00,1457.00,0,2850
11/26/1999,1450.20,1450.20,1450.20,1450.20,29,2821
11/29/1999,1445.70,1445.70,1445.70,1445.70,564,3389
11/30/1999,1433.80,1433.80,1426.40,1426.40,1062,4190
12/01/1999,1426.50,1437.80,1426.50,1437.80,1219,4746
12/02/1999,1442.50,1448.00,1442.50,1448.00,852,5192
12/03/1999,1469.00,1474.80,1469.00,1474.80,1274,5508
12/06/1999,1461.60,1461.60,1461.60,1461.60,550,5907
12/07/1999,1453.90,1453.90,1451.90,1451.90,549,6160
12/08/1999,1441.60,1441.60,1441.60,1441.60,508,6593
12/09/1999,1446.50,1446.50,1446.50,1446.50,383,6790
12/10/1999,1452.50,1452.50,1452.50,1452.50,362,6857
12/13/1999,1454.20,1454.20,1454.20,1454.20,1196,7471
12/14/1999,1442.90,1442.90,1442.90,1442.90,248,7532
12/15/1999,1433.50,1446.40,1433.50,1446.40,643,7863
12/16/1999,1455.20,1455.20,1455.20,1455.20,252,7911
12/17/1999,1464.00,1467.00,1458.50,1462.50,9,7912
12/20/1999,1466.50,1466.50,1453.00,1453.00,93,7977
12/21/1999,1469.50,1472.70,1469.50,1472.70,969,8342
12/22/1999,1471.50,1475.70,1467.00,1475.70,93,8316
12/23/1999,1484.00,1499.00,1484.00,1499.00,1004,8611
12/27/1999,1496.40,1496.40,1496.40,1496.40,819,8642
12/28/1999,1497.30,1497.30,1497.30,1497.30,220,8649
12/29/1999,1499.80,1500.90,1497.00,1500.90,222,8602
12/30/1999,1499.50,1499.50,1499.50,1499.50,410,8431
12/31/1999,1498.00,1503.10,1497.50,1503.10,94,1
01/03/2000,1514.50,1514.50,1474.00,1485.70,557,8622
01/04/2000,1467.50,1472.00,1428.00,1430.00,628,8524
01/05/2000,1426.00,1442.50,1416.00,1431.80,564,8574
01/06/2000,1428.00,1444.00,1422.10,1422.10,278,8616
01/07/2000,1442.50,1479.30,1442.50,1479.30,279,8593
01/10/2000,1495.00,1496.00,1481.00,1493.80,272,8611
01/11/2000,1483.50,1483.50,1472.90,1472.90,409,8586
01/12/2000,1463.00,1464.00,1460.60,1460.60,175,8647
01/13/2000,1477.40,1477.40,1477.40,1477.40,8,8647
01/14/2000,1502.00,1502.00,1497.00,1497.10,302,8458
01/18/2000,1482.50,1488.50,1482.50,1488.40,107,8487
01/19/2000,1490.00,1491.50,1482.50,1491.50,187,8467
01/20/2000,1496.00,1496.00,1476.00,1476.00,277,8481
01/21/2000,1482.00,1482.00,1472.60,1472.60,52,8506
01/24/2000,1471.00,1471.00,1425.00,1430.30,101,8558
01/25/2000,1429.50,1440.00,1420.00,1437.20,126,8590
01/26/2000,1439.00,1439.50,1429.00,1434.00,112,8638
01/27/2000,1440.00,1445.00,1413.50,1428.30,115,8667
01/28/2000,1416.50,1416.50,1383.50,1384.30,303,8613
01/31/2000,1383.00,1419.40,1379.00,1419.40,367,8518
02/01/2000,1429.00,1436.00,1424.50,1435.30,295,8635
02/02/2000,1434.50,1443.00,1434.10,1434.10,729,9066
02/03/2000,1444.00,1455.20,1437.70,1455.20,775,9463
02/04/2000,1458.50,1460.00,1449.50,1450.30,200,9529
02/07/2000,1449.50,1449.50,1442.00,1446.10,155,9499
02/08/2000,1461.50,1468.00,1461.50,1465.20,372,9496
02/09/2000,1460.00,1465.00,1436.00,1437.00,1376,10328
02/10/2000,1439.00,1447.50,1435.50,1438.00,1254,10698
02/11/2000,1435.00,1435.00,1406.00,1415.20,1013,11286
02/14/2000,1419.00,1419.00,1406.00,1417.10,443,11592
02/15/2000,1414.00,1430.50,1398.50,1428.60,749,11535
02/16/2000,1422.00,1429.50,1411.00,1411.00,629,11924
02/17/2000,1403.00,1420.20,1403.00,1403.60,841,12555
02/18/2000,1403.00,1405.50,1368.00,1371.10,6930,17717
02/22/2000,1373.00,1380.50,1355.50,1366.80,4556,21349
02/23/2000,1374.00,1389.00,1364.00,1383.20,3975,22650
02/24/2000,1384.00,1387.50,1350.00,1373.20,10139,28611
02/25/2000,1371.50,1382.00,1352.00,1355.80,10177,35391
02/28/2000,1354.50,1380.00,1347.00,1365.50,10266,39917
02/29/2000,1374.00,1391.00,1373.50,1390.10,16622,48572
03/01/2000,1391.50,1404.00,1390.00,1403.10,13226,56920
03/02/2000,1401.00,1407.50,1391.50,1403.10,15437,65776
03/03/2000,1419.50,1432.50,1415.50,1429.30,14980,73716
03/06/2000,1427.00,1428.00,1406.00,1413.70,43958,104855
03/07/2000,1417.50,1418.00,1370.00,1370.20,63841,147866
03/08/2000,1378.50,1394.00,1367.00,1384.10,68304,190671
03/09/2000,1385.00,1423.00,1376.50,1422.50,136014,236801
03/10/2000,1418.50,1434.00,1412.00,1417.80,118181,264735
03/13/2000,1382.80,1418.00,1382.80,1401.50,137614,299891
03/14/2000,1409.50,1414.00,1377.00,1380.00,133509,327892
03/15/2000,1386.00,1417.50,1375.00,1413.20,134308,346118
03/16/2000,1427.00,1481.00,1423.00,1478.00,153480,355743
03/17/2000,1472.00,1497.50,1470.00,1489.00,93819,360660
03/20/2000,1486.00,1490.90,1466.50,1478.10,68771,357988
03/21/2000,1474.00,1514.30,1463.50,1507.50,91492,356772
03/22/2000,1511.00,1525.00,1505.50,1517.50,67975,355925
03/23/2000,1512.50,1552.50,1510.20,1544.00,77070,358307
03/24/2000,1544.00,1574.00,1535.00,1555.40,89592,360699
03/27/2000,1550.50,1554.30,1536.50,1538.50,56014,357608
03/28/2000,1534.50,1547.50,1523.00,1530.20,67835,355972
03/29/2000,1532.50,1541.00,1515.00,1530.50,76589,359306
03/30/2000,1516.00,1535.00,1493.50,1504.30,77669,361688
03/31/2000,1511.00,1538.50,1501.00,1515.30,86483,363796
04/03/2000,1513.00,1529.00,1502.50,1528.20,83826,363172
04/04/2000,1531.00,1543.00,1433.00,1519.50,139371,366671
04/05/2000,1498.00,1521.50,1493.00,1505.50,91223,363077
04/06/2000,1512.50,1529.50,1503.50,1516.50,67801,364152
04/07/2000,1529.00,1535.50,1518.50,1529.00,53965,363642
04/10/2000,1531.00,1543.70,1517.50,1521.50,65076,365012
04/11/2000,1511.00,1529.00,1498.00,1519.00,83049,368827
04/12/2000,1518.50,1522.70,1475.00,1476.70,84573,368695
04/13/2000,1486.00,1492.50,1452.00,1456.00,88274,368503
04/14/2000,1435.50,1438.00,1348.00,1367.50,131300,378634
04/17/2000,1367.50,1415.00,1359.00,1412.70,122994,376396
04/18/2000,1413.50,1454.00,1408.60,1452.70,103120,372206
04/19/2000,1454.00,1459.50,1435.50,1440.30,79272,369729
04/20/2000,1441.00,1448.00,1432.50,1447.20,47757,369958
04/24/2000,1427.50,1441.00,1417.00,1437.00,69453,372507
04/25/2000,1451.00,1490.00,1451.00,1489.20,75977,374890
04/26/2000,1490.00,1495.00,1467.00,1475.50,64237,372779
04/27/2000,1440.50,1480.50,1440.50,1467.30,79970,374466
04/28/2000,1485.00,1486.00,1458.10,1460.00,55359,371544
05/01/2000,1468.00,1492.00,1465.50,1476.90,63818,370904
05/02/2000,1466.00,1478.00,1449.00,1450.50,66055,369168
05/03/2000,1447.00,1447.00,1404.50,1422.50,82936,370376
05/04/2000,1426.00,1428.50,1413.00,1423.20,63253,368349
05/05/2000,1408.50,1446.00,1408.00,1439.00,61164,368012
05/08/2000,1429.00,1439.00,1425.00,1430.00,51511,367621
05/09/2000,1439.00,1439.50,1409.30,1419.80,72157,365982
05/10/2000,1409.10,1413.50,1382.50,1387.80,87028,367887
05/11/2000,1405.00,1419.00,1396.00,1415.00,65203,369249
05/12/2000,1420.00,1439.00,1418.00,1430.70,59185,368683
05/15/2000,1430.00,1459.50,1424.00,1457.70,55512,368100
05/16/2000,1469.00,1479.00,1457.50,1471.70,75218,365936
05/17/2000,1459.00,1463.50,1448.00,1456.70,65565,365262
05/18/2000,1456.00,1465.30,1441.50,1442.00,61588,367007
05/19/2000,1430.00,1434.00,1407.00,1415.00,67314,367365
05/22/2000,1417.00,1417.00,1372.50,1403.80,98874,369920
05/23/2000,1403.50,1409.50,1379.00,1382.60,77139,367961
05/24/2000,1384.00,1407.90,1365.50,1401.70,111424,371171
05/25/2000,1406.00,1418.00,1377.50,1389.00,80652,369405
05/26/2000,1389.00,1396.50,1373.50,1381.30,55121,366805
05/30/2000,1395.00,1429.50,1394.00,1427.20,73659,360116
05/31/2000,1421.50,1439.00,1420.00,1422.20,78909,355595
06/01/2000,1435.00,1453.50,1428.50,1451.50,81284,345865
06/02/2000,1487.00,1489.00,1474.00,1476.00,79122,341147
06/05/2000,1473.50,1480.50,1468.00,1470.50,83289,325466
06/06/2000,1466.00,1475.50,1457.50,1463.00,85560,305578
06/07/2000,1462.50,1477.50,1457.50,1472.00,103418,285257
06/08/2000,1474.50,1475.00,1458.00,1466.60,77279,234503
06/09/2000,1474.00,1474.50,1455.50,1462.10,62902,200981
06/12/2000,1465.00,1465.50,1445.50,1446.70,73460,164891
06/13/2000,1446.00,1473.50,1444.00,1471.90,71919,128012
06/14/2000,1475.50,1484.00,1468.00,1475.20,53393,104795
06/15/2000,1475.00,1483.00,1465.00,1475.00,36613,90882
