"Date","Open","High","Low","Close","Volume","OpenInt"
09/20/1999,1475.00,1475.00,1475.00,1475.00,0,0
09/21/1999,1445.50,1445.50,1445.50,1445.50,0,0
09/22/1999,1442.00,1445.80,1442.00,1445.80,2,2
09/23/1999,1407.40,1407.40,1407.40,1407.40,0,2
09/24/1999,1403.10,1403.10,1403.10,1403.10,0,2
09/27/1999,1411.60,1411.60,1411.60,1411.60,0,2
09/28/1999,1408.70,1408.70,1408.70,1408.70,0,2
09/29/1999,1394.00,1394.00,1394.00,1394.00,0,2
09/30/1999,1412.00,1412.00,1412.00,1412.00,0,2
10/01/1999,1411.90,1411.90,1411.90,1411.90,0,2
10/04/1999,1435.90,1435.90,1435.90,1435.90,0,2
10/05/1999,1437.20,1437.20,1437.20,1437.20,0,2
10/06/1999,1459.70,1459.70,1459.70,1459.70,0,2
10/07/1999,1451.00,1451.00,1451.00,1451.00,0,2
10/08/1999,1470.50,1470.50,1470.50,1470.50,0,2
10/11/1999,1471.30,1471.30,1471.30,1471.30,0,2
10/12/1999,1450.00,1450.00,1450.00,1450.00,0,2
10/13/1999,1410.50,1410.50,1410.50,1410.50,0,2
10/14/1999,1411.50,1411.50,1411.50,1411.50,0,2
10/15/1999,1376.30,1376.30,1376.30,1376.30,0,2
10/18/1999,1370.00,1385.20,1370.00,1385.20,1,3
10/19/1999,1394.50,1394.50,1394.50,1394.50,1,4
10/20/1999,1416.40,1416.40,1416.40,1416.40,0,4
10/21/1999,1419.60,1419.60,1419.60,1419.60,0,4
10/22/1999,1431.50,1431.50,1431.50,1431.50,0,4
10/25/1999,1424.80,1424.80,1424.80,1424.80,0,4
10/26/1999,1408.30,1408.30,1408.30,1408.30,0,4
10/27/1999,1427.50,1427.50,1427.50,1427.50,0,4
10/28/1999,1475.80,1475.80,1475.80,1475.80,0,4
10/29/1999,1502.10,1502.10,1502.10,1502.10,0,4
11/01/1999,1488.00,1488.00,1488.00,1488.00,0,4
11/02/1999,1477.70,1477.70,1477.70,1477.70,0,4
11/03/1999,1485.70,1485.70,1485.70,1485.70,0,4
11/04/1999,1493.80,1493.80,1493.80,1493.80,0,4
11/05/1999,1509.00,1509.00,1509.00,1509.00,0,4
11/08/1999,1507.60,1507.60,1507.60,1507.60,0,4
11/09/1999,1496.00,1496.00,1496.00,1496.00,0,4
11/10/1999,1505.10,1505.10,1505.10,1505.10,0,4
11/11/1999,1512.80,1512.80,1512.80,1512.80,0,4
11/12/1999,1526.90,1526.90,1526.90,1526.90,0,4
11/15/1999,1528.30,1528.30,1528.30,1528.30,0,4
11/16/1999,1558.70,1558.70,1558.70,1558.70,0,4
11/17/1999,1548.50,1548.50,1548.50,1548.50,0,4
11/18/1999,1560.00,1560.00,1560.00,1560.00,0,4
11/19/1999,1558.50,1558.50,1558.50,1558.50,0,4
11/22/1999,1558.50,1558.50,1558.50,1558.50,0,4
11/23/1999,1543.70,1543.70,1543.70,1543.70,0,4
11/24/1999,1553.40,1553.40,1553.40,1553.40,0,4
11/26/1999,1546.60,1546.60,1546.60,1546.60,0,4
11/29/1999,1542.90,1542.90,1542.90,1542.90,0,4
11/30/1999,1522.00,1522.00,1522.00,1522.00,0,4
12/01/1999,1534.00,1534.00,1534.00,1534.00,0,4
12/02/1999,1544.20,1544.20,1544.20,1544.20,0,4
12/03/1999,1571.50,1571.50,1571.50,1571.50,0,4
12/06/1999,1558.30,1558.30,1558.30,1558.30,0,4
12/07/1999,1548.30,1548.30,1548.30,1548.30,0,4
12/08/1999,1537.40,1537.40,1537.40,1537.40,2,4
12/09/1999,1542.40,1542.40,1542.40,1542.40,0,4
12/10/1999,1548.40,1548.40,1548.40,1548.40,0,4
12/13/1999,1553.70,1553.70,1553.70,1553.70,0,4
12/14/1999,1541.40,1541.40,1541.40,1541.40,1,4
12/15/1999,1547.00,1547.00,1547.00,1547.00,1,5
12/16/1999,1556.40,1556.40,1556.40,1556.40,0,5
12/17/1999,1564.50,1564.50,1564.50,1564.50,0,5
12/20/1999,1556.50,1556.50,1556.50,1556.50,0,5
12/21/1999,1578.80,1578.80,1578.80,1578.80,0,5
12/22/1999,1581.80,1581.80,1581.80,1581.80,0,5
12/23/1999,1605.90,1605.90,1605.90,1605.90,0,5
12/27/1999,1602.90,1602.90,1602.90,1602.90,0,5
12/28/1999,1604.20,1604.20,1604.20,1604.20,0,5
12/29/1999,1610.10,1610.10,1610.10,1610.10,0,5
12/30/1999,1609.10,1609.10,1609.10,1609.10,0,5
12/31/1999,1612.90,1612.90,1612.90,1612.90,0,0
01/03/2000,1595.50,1595.50,1595.50,1595.50,0,5
01/04/2000,1538.70,1538.70,1538.70,1538.70,0,5
01/05/2000,1540.80,1540.80,1540.80,1540.80,0,5
01/06/2000,1530.60,1530.60,1530.60,1530.60,0,5
01/07/2000,1588.40,1588.40,1588.40,1588.40,0,5
01/10/2000,1604.00,1604.00,1604.00,1604.00,0,5
01/11/2000,1582.50,1582.50,1582.50,1582.50,0,5
01/12/2000,1570.40,1570.40,1570.40,1570.40,0,5
01/13/2000,1587.90,1587.90,1587.90,1587.90,0,5
01/14/2000,1607.80,1607.80,1607.80,1607.80,0,5
01/18/2000,1598.90,1598.90,1598.90,1598.90,0,5
01/19/2000,1602.20,1602.20,1602.20,1602.20,0,5
01/20/2000,1586.00,1586.00,1586.00,1586.00,0,5
01/21/2000,1582.60,1582.60,1582.60,1582.60,0,5
01/24/2000,1539.30,1539.30,1539.30,1539.30,0,5
01/25/2000,1545.50,1545.50,1545.50,1545.50,0,5
01/26/2000,1542.30,1542.30,1542.30,1542.30,0,5
01/27/2000,1536.30,1536.30,1536.30,1536.30,0,5
01/28/2000,1492.60,1492.60,1492.60,1492.60,0,5
01/31/2000,1528.50,1528.50,1528.50,1528.50,0,5
02/01/2000,1545.30,1545.30,1545.30,1545.30,0,5
02/02/2000,1547.20,1547.20,1547.20,1547.20,0,5
02/03/2000,1568.60,1568.60,1568.60,1568.60,0,5
02/04/2000,1563.50,1563.50,1563.50,1563.50,0,5
02/07/2000,1559.30,1559.30,1559.30,1559.30,0,5
02/08/2000,1579.30,1579.30,1579.30,1579.30,0,5
02/09/2000,1549.90,1549.90,1549.90,1549.90,0,5
02/10/2000,1551.40,1551.40,1551.40,1551.40,0,5
02/11/2000,1527.10,1527.10,1527.10,1527.10,0,5
02/14/2000,1528.00,1528.00,1528.00,1528.00,0,5
02/15/2000,1540.00,1540.00,1540.00,1540.00,0,5
02/16/2000,1521.90,1521.90,1521.90,1521.90,0,5
02/17/2000,1515.30,1515.30,1515.30,1515.30,0,5
02/18/2000,1481.00,1481.00,1481.00,1481.00,0,5
02/22/2000,1476.30,1476.30,1476.30,1476.30,0,5
02/23/2000,1493.30,1493.30,1493.30,1493.30,0,5
02/24/2000,1482.20,1482.20,1482.20,1482.20,0,5
02/25/2000,1461.60,1461.60,1461.60,1461.60,0,5
02/28/2000,1471.80,1471.80,1471.80,1471.80,0,5
02/29/2000,1497.10,1497.10,1497.10,1497.10,0,5
03/01/2000,1510.50,1510.50,1510.50,1510.50,0,5
03/02/2000,1510.80,1510.80,1510.80,1510.80,0,5
03/03/2000,1538.20,1538.20,1538.20,1538.20,0,5
03/06/2000,1522.30,1522.30,1522.30,1522.30,0,5
03/07/2000,1477.70,1477.70,1477.70,1477.70,2,4
03/08/2000,1490.40,1490.40,1490.40,1490.40,0,4
03/09/2000,1530.20,1530.20,1530.20,1530.20,0,4
03/10/2000,1525.10,1525.10,1525.10,1525.10,0,4
03/13/2000,1508.50,1508.50,1508.50,1508.50,0,4
03/14/2000,1484.20,1484.20,1484.20,1484.20,0,4
03/15/2000,1518.80,1518.80,1518.80,1518.80,100,102
03/16/2000,1591.00,1591.00,1591.00,1591.00,0,102
03/17/2000,1602.00,1602.00,1602.00,1602.00,0,102
03/20/2000,1591.30,1591.30,1591.30,1591.30,0,102
03/21/2000,1620.60,1620.60,1620.60,1620.60,0,102
03/22/2000,1620.60,1631.90,1620.60,1631.90,3,104
03/23/2000,1640.80,1661.60,1640.80,1661.60,2,103
03/24/2000,1685.00,1685.00,1673.20,1673.20,1,103
03/27/2000,1658.20,1658.20,1658.20,1658.20,1,104
03/28/2000,1650.00,1650.00,1649.50,1649.50,2,106
03/29/2000,1648.90,1648.90,1648.90,1648.90,0,106
03/30/2000,1620.00,1620.00,1619.80,1619.80,2,108
03/31/2000,1640.70,1640.70,1632.60,1632.60,2,106
04/03/2000,1645.50,1645.50,1645.50,1645.50,0,106
04/04/2000,1620.10,1635.50,1600.40,1635.50,6,108
04/05/2000,1620.50,1620.50,1620.50,1620.50,0,108
04/06/2000,1640.20,1640.20,1632.90,1632.90,5,109
04/07/2000,1645.90,1645.90,1645.90,1645.90,0,109
04/10/2000,1637.30,1637.30,1637.30,1637.30,0,109
04/11/2000,1620.00,1640.20,1620.00,1635.10,0,109
04/12/2000,1620.10,1620.10,1589.70,1589.70,7,113
04/13/2000,1580.00,1580.00,1567.30,1567.30,3,115
04/14/2000,1554.00,1555.00,1471.00,1471.00,3,117
04/17/2000,1519.20,1519.20,1519.20,1519.20,0,117
04/18/2000,1522.00,1560.70,1522.00,1560.70,2,119
04/19/2000,1561.00,1561.00,1548.10,1548.10,4,117
04/20/2000,1555.70,1555.70,1555.70,1555.70,0,116
04/24/2000,1545.00,1545.00,1545.00,1545.00,0,116
04/25/2000,1575.30,1603.20,1575.30,1603.20,2,114
04/26/2000,1590.30,1590.30,1590.30,1590.30,2,113
04/27/2000,1570.00,1590.20,1570.00,1582.80,4,113
04/28/2000,1576.20,1576.20,1576.20,1576.20,0,112
05/01/2000,1593.90,1593.90,1593.90,1593.90,0,112
05/02/2000,1570.10,1570.10,1563.00,1563.00,2,114
05/03/2000,1555.10,1555.10,1522.10,1538.10,4,117
05/04/2000,1537.00,1537.00,1537.00,1537.00,1,118
05/05/2000,1542.30,1556.20,1542.30,1556.20,2,117
05/08/2000,1547.20,1547.20,1547.20,1547.20,0,117
05/09/2000,1535.00,1535.80,1535.00,1535.80,13,140
05/10/2000,1515.00,1515.00,1500.80,1500.80,14,142
05/11/2000,1522.20,1527.50,1522.20,1527.50,2,140
05/12/2000,1535.50,1548.40,1535.50,1548.40,2,138
05/15/2000,1575.30,1578.20,1575.30,1578.20,2,137
05/16/2000,1590.30,1594.00,1590.30,1593.40,3,134
05/17/2000,1578.40,1578.40,1578.40,1578.40,1,133
05/18/2000,1570.00,1570.00,1563.40,1563.40,2,135
05/19/2000,1550.00,1550.00,1534.00,1534.00,6,138
05/22/2000,1530.00,1530.00,1502.00,1520.20,9,142
05/23/2000,1502.10,1502.10,1496.80,1496.80,4,146
05/24/2000,1485.00,1522.30,1485.00,1517.10,6,144
05/25/2000,1502.20,1503.90,1500.20,1503.90,4,144
05/26/2000,1508.00,1508.00,1494.80,1494.80,4,146
05/30/2000,1520.40,1545.50,1520.40,1545.50,8,141
05/31/2000,1550.20,1555.20,1540.80,1540.80,39,139
06/01/2000,1570.20,1570.40,1570.20,1570.40,5,140
06/02/2000,1600.00,1600.00,1594.90,1594.90,3,139
06/05/2000,1588.70,1588.70,1588.70,1588.70,0,139
06/06/2000,1581.20,1581.20,1581.20,1581.20,0,139
06/07/2000,1590.20,1590.20,1590.20,1590.20,0,139
06/08/2000,1584.30,1584.30,1584.30,1584.30,0,139
06/09/2000,1590.00,1590.00,1580.00,1580.00,0,139
06/12/2000,1570.10,1570.10,1564.40,1564.40,2,139
06/13/2000,1562.00,1590.20,1562.00,1590.20,6,139
06/14/2000,1590.30,1594.20,1590.30,1594.20,3,139
06/15/2000,1593.70,1593.70,1593.70,1593.70,0,139
06/16/2000,1583.00,1583.00,1583.00,1583.00,0,139
06/19/2000,1582.00,1600.00,1582.00,1600.00,2,140
06/20/2000,1602.20,1602.20,1594.80,1594.80,2,139
06/21/2000,1594.40,1594.40,1594.40,1594.40,0,139
06/22/2000,1570.20,1572.70,1570.20,1572.70,2,141
06/23/2000,1562.10,1562.10,1558.70,1558.70,2,142
06/26/2000,1574.50,1574.50,1574.50,1574.50,0,141
06/27/2000,1566.20,1566.20,1566.20,1566.20,0,141
06/28/2000,1567.10,1567.10,1567.10,1567.10,0,141
06/29/2000,1550.10,1552.10,1550.10,1552.10,2,143
06/30/2000,1562.70,1562.70,1562.70,1562.70,0,143
07/03/2000,1570.30,1584.90,1570.30,1584.90,4,143
07/05/2000,1562.00,1562.00,1556.80,1556.80,4,143
07/06/2000,1567.80,1567.80,1567.80,1567.80,0,142
07/07/2000,1582.20,1590.40,1582.20,1589.00,4,139
07/10/2000,1585.90,1585.90,1585.90,1585.90,0,139
07/11/2000,1589.40,1589.40,1589.40,1589.40,0,139
07/12/2000,1601.10,1601.10,1601.10,1601.10,0,139
07/13/2000,1605.00,1605.00,1605.00,1605.00,0,139
07/14/2000,1620.20,1620.40,1620.20,1620.40,5,140
07/17/2000,1618.30,1618.30,1618.30,1618.30,1,139
07/18/2000,1607.40,1607.40,1607.40,1607.40,0,139
07/19/2000,1602.00,1602.00,1595.80,1595.80,8,140
07/20/2000,1611.30,1611.30,1611.30,1611.30,0,140
07/21/2000,1583.80,1583.80,1583.80,1583.80,0,140
07/24/2000,1582.00,1582.00,1574.60,1574.60,11,146
07/25/2000,1578.10,1578.10,1578.10,1578.10,0,146
07/26/2000,1562.20,1562.20,1561.80,1561.80,3,147
07/27/2000,1550.00,1556.50,1550.00,1556.50,5,149
07/28/2000,1542.00,1542.00,1523.70,1523.70,8,153
07/31/2000,1522.00,1530.50,1522.00,1530.50,4,155
08/01/2000,1542.20,1542.20,1539.10,1539.10,0,155
08/02/2000,1550.30,1550.30,1544.00,1544.00,4,155
08/03/2000,1529.00,1552.50,1529.00,1552.50,3,156
08/04/2000,1562.20,1563.00,1562.20,1563.00,3,156
08/07/2000,1570.20,1578.40,1570.20,1578.40,6,160
08/08/2000,1582.40,1583.80,1582.40,1583.80,2,160
08/09/2000,1587.70,1587.70,1573.30,1573.30,4,158
08/10/2000,1566.70,1566.70,1566.70,1566.70,6,152
08/11/2000,1571.90,1571.90,1571.90,1571.90,0,152
08/14/2000,1592.60,1592.60,1592.60,1592.60,0,152
08/15/2000,1589.20,1589.20,1589.20,1589.20,0,152
08/16/2000,1585.70,1585.70,1585.70,1585.70,0,152
08/17/2000,1600.20,1600.20,1598.40,1598.40,4,152
08/18/2000,1595.30,1595.30,1595.30,1595.30,0,152
08/21/2000,1601.40,1601.40,1601.40,1601.40,0,152
08/22/2000,1602.10,1602.10,1602.10,1602.10,0,152
08/23/2000,1604.70,1604.70,1604.70,1604.70,0,152
08/24/2000,1610.20,1610.20,1610.20,1610.20,0,152
08/25/2000,1608.60,1608.60,1608.60,1608.60,0,152
08/28/2000,1620.30,1622.20,1614.00,1614.00,12,147
08/29/2000,1613.50,1613.50,1613.50,1613.50,2,145
08/30/2000,1602.10,1602.10,1599.10,1599.10,7,145
08/31/2000,1620.40,1622.30,1617.00,1617.00,7,145
09/01/2000,1619.10,1619.10,1619.10,1619.10,2,145
09/05/2000,1602.20,1606.70,1602.20,1606.70,2,146
09/06/2000,1600.00,1600.00,1588.20,1588.20,3,148
09/07/2000,1600.40,1600.40,1600.40,1600.40,0,148
09/08/2000,1590.60,1590.60,1590.60,1590.60,4,147
09/11/2000,1582.00,1584.90,1580.10,1584.90,5,147
09/12/2000,1574.90,1574.90,1574.90,1574.90,0,147
09/13/2000,1577.90,1577.90,1577.90,1577.90,0,147
09/14/2000,1573.20,1573.20,1573.20,1573.20,0,147
09/15/2000,1552.00,1552.20,1550.10,1552.20,4,151
09/18/2000,1542.10,1542.10,1530.00,1534.10,9,159
09/19/2000,1545.90,1545.90,1545.90,1545.90,9,160
09/20/2000,1522.10,1540.20,1520.00,1535.00,132,262
09/21/2000,1535.50,1535.50,1535.50,1535.50,10,252
09/22/2000,1510.00,1534.30,1510.00,1534.30,16,252
09/25/2000,1542.30,1542.30,1526.90,1526.90,2,256
09/26/2000,1522.00,1522.00,1507.90,1507.90,10,257
09/27/2000,1512.10,1512.10,1512.10,1512.10,0,257
09/28/2000,1530.30,1542.20,1530.30,1542.10,6,251
09/29/2000,1522.10,1522.10,1519.20,1519.20,2,253
10/02/2000,1521.30,1521.30,1521.30,1521.30,0,253
10/03/2000,1510.20,1510.20,1506.30,1506.30,4,257
10/04/2000,1500.00,1520.20,1500.00,1515.40,8,257
10/05/2000,1521.20,1521.20,1521.20,1521.20,0,257
10/06/2000,1500.20,1500.20,1480.00,1490.80,15,263
10/09/2000,1480.50,1480.50,1480.50,1480.50,8,266
10/10/2000,1480.00,1480.00,1454.10,1454.10,7,272
10/11/2000,1439.00,1440.50,1439.00,1440.50,42,286
10/12/2000,1420.00,1420.00,1403.80,1403.80,34,291
10/13/2000,1440.20,1447.20,1440.20,1447.20,13,291
10/16/2000,1453.50,1453.50,1453.50,1453.50,4,287
10/17/2000,1420.00,1420.30,1420.00,1420.30,3,288
10/18/2000,1412.30,1412.30,1412.30,1412.30,3,291
10/19/2000,1440.30,1462.40,1440.30,1462.40,4,288
10/20/2000,1480.20,1480.20,1473.20,1473.20,4,286
10/23/2000,1479.40,1479.40,1479.40,1479.40,0,284
10/24/2000,1465.30,1465.30,1465.30,1465.30,10,284
10/25/2000,1455.00,1459.30,1435.20,1435.20,25,292
10/26/2000,1422.00,1442.20,1422.00,1432.50,4,292
10/27/2000,1440.00,1462.60,1440.00,1462.60,4,292
10/30/2000,1475.20,1479.50,1475.00,1475.00,4,288
10/31/2000,1500.20,1505.00,1500.20,1505.00,4,284
11/01/2000,1496.00,1496.00,1496.00,1496.00,21,284
11/02/2000,1499.20,1499.20,1499.20,1499.20,20,284
11/03/2000,1500.70,1500.70,1500.70,1500.70,10,284
11/06/2000,1510.20,1511.20,1510.20,1511.20,2,282
11/07/2000,1509.30,1509.30,1509.30,1509.30,0,282
11/08/2000,1490.10,1490.10,1477.50,1477.50,24,294
11/09/2000,1460.10,1466.80,1455.10,1466.80,33,319
11/10/2000,1440.10,1440.10,1434.90,1434.90,0,319
11/13/2000,1422.10,1426.00,1400.20,1420.70,20,324
11/14/2000,1442.30,1456.70,1442.30,1456.70,4,322
11/15/2000,1460.00,1460.00,1460.00,1460.00,0,322
11/16/2000,1440.00,1441.60,1440.00,1441.60,2,324
11/17/2000,1431.80,1431.80,1431.80,1431.80,10,329
11/20/2000,1421.00,1421.00,1407.80,1407.80,29,339
11/21/2000,1400.00,1416.60,1400.00,1416.60,81,384
11/22/2000,1382.30,1382.30,1382.30,1382.30,161,490
11/24/2000,1406.70,1406.70,1406.70,1406.70,13,483
11/27/2000,1425.00,1425.00,1419.30,1419.30,10,482
11/28/2000,1400.10,1400.10,1398.20,1398.20,19,492
11/29/2000,1407.00,1407.00,1394.30,1394.30,184,510
11/30/2000,1379.40,1379.40,1379.40,1379.40,115,547
12/01/2000,1390.50,1390.50,1378.50,1378.50,48,747
12/04/2000,1388.80,1388.80,1388.80,1388.80,37,575
12/05/2000,1410.70,1440.30,1410.70,1433.90,43,573
12/06/2000,1412.30,1412.30,1412.30,1412.30,83,527
12/07/2000,1394.00,1394.00,1394.00,1394.00,126,577
12/08/2000,1395.00,1395.00,1395.00,1395.00,94,639
12/11/2000,1442.10,1442.10,1442.10,1442.10,110,659
12/12/2000,1438.20,1438.20,1438.20,1438.20,60,658
12/13/2000,1420.00,1420.00,1415.80,1415.80,11,664
12/14/2000,1400.00,1400.00,1396.30,1396.30,13,677
12/15/2000,1389.00,1389.00,1362.50,1362.50,245,854
12/18/2000,1383.00,1383.00,1383.00,1383.00,17,861
12/19/2000,1369.00,1369.00,1353.90,1353.90,316,983
12/20/2000,1320.00,1320.00,1313.10,1313.10,245,1027
12/21/2000,1321.00,1322.10,1321.00,1322.10,279,1096
12/22/2000,1340.20,1361.40,1340.20,1361.40,89,1035
12/26/2000,1371.90,1371.90,1371.90,1371.90,327,1163
12/27/2000,1380.10,1386.30,1380.10,1386.30,245,1273
12/28/2000,1389.20,1389.20,1388.90,1388.90,80,1339
12/29/2000,1369.10,1370.40,1369.10,1370.40,76,1384
01/02/2001,1360.10,1360.10,1333.10,1333.10,431,1294
01/03/2001,1380.30,1393.20,1376.00,1393.20,529,1275
01/04/2001,1380.80,1380.80,1380.80,1380.80,81,1262
01/05/2001,1369.00,1369.00,1334.40,1334.40,55,1264
01/08/2001,1340.00,1340.00,1320.10,1339.20,85,1271
01/09/2001,1343.00,1344.00,1339.80,1339.80,65,1282
01/10/2001,1351.00,1358.30,1347.00,1358.30,19,1280
01/11/2001,1360.20,1366.00,1360.20,1366.00,31,1277
01/12/2001,1361.90,1361.90,1361.90,1361.90,99,1274
01/16/2001,1367.90,1367.90,1367.90,1367.90,0,1274
01/17/2001,1385.50,1389.20,1369.10,1374.20,38,1281
01/18/2001,1389.30,1389.30,1388.50,1388.50,26,1279
01/19/2001,1380.50,1380.50,1380.50,1380.50,112,1291
01/22/2001,1390.50,1390.50,1390.50,1390.50,47,1266
01/23/2001,1398.50,1398.50,1398.50,1398.50,61,1270
01/24/2001,1409.20,1409.20,1403.10,1403.10,6,1269
01/25/2001,1397.20,1397.20,1397.20,1397.20,55,1224
01/26/2001,1389.10,1395.90,1389.10,1395.90,42,1256
01/29/2001,1402.70,1402.70,1402.70,1402.70,1,1255
01/30/2001,1409.30,1414.50,1409.30,1414.50,3,1254
01/31/2001,1420.20,1420.20,1405.30,1405.30,34,1283
02/01/2001,1400.10,1414.40,1400.10,1414.40,67,1280
02/02/2001,1396.20,1396.20,1384.00,1384.50,95,1273
02/05/2001,1393.40,1393.40,1393.40,1393.40,64,1304
02/06/2001,1387.70,1387.70,1387.70,1387.70,23,1301
02/07/2001,1376.00,1380.50,1376.00,1380.50,1,1301
02/08/2001,1378.00,1378.00,1365.50,1365.50,64,1312
02/09/2001,1360.00,1360.00,1350.90,1350.90,22,1329
02/12/2001,1363.10,1363.10,1363.10,1363.10,66,1328
02/13/2001,1355.60,1355.60,1355.60,1355.60,17,1325
02/14/2001,1340.10,1349.70,1340.00,1349.70,130,1364
02/15/2001,1360.20,1363.60,1360.20,1363.60,48,1351
02/16/2001,1345.00,1345.00,1334.90,1334.90,5,1355
02/20/2001,1320.00,1324.00,1313.70,1313.70,11,1358
02/21/2001,1283.90,1283.90,1283.90,1283.90,2,1358
02/22/2001,1283.00,1284.50,1283.00,1284.50,57,1356
02/23/2001,1257.00,1274.30,1257.00,1274.30,976,1814
02/26/2001,1300.70,1300.70,1300.70,1300.70,89,1789
02/27/2001,1290.80,1290.80,1290.80,1290.80,41,1779
02/28/2001,1268.60,1268.60,1268.60,1268.60,62,2061
03/01/2001,1248.00,1270.10,1248.00,1270.10,33,2028
03/02/2001,1261.60,1261.60,1261.60,1261.60,74,2028
03/05/2001,1270.30,1270.30,1270.30,1270.30,69,1732
03/06/2001,1284.00,1284.00,1284.00,1284.00,194,1811
03/07/2001,1292.20,1292.20,1292.20,1292.20,0,1811
03/08/2001,1293.30,1293.30,1293.30,1293.30,20,1811
03/09/2001,1257.60,1257.60,1257.60,1257.60,59,1854
03/12/2001,1203.70,1203.70,1203.70,1203.70,7,1827
03/13/2001,1209.00,1222.20,1209.00,1222.20,1858,2632
03/14/2001,1193.50,1193.50,1192.80,1192.80,147,2635
03/15/2001,1195.00,1196.40,1195.00,1196.40,751,2897
03/16/2001,1171.50,1180.50,1171.50,1173.00,6637,9191
03/19/2001,1171.50,1192.00,1171.50,1192.00,601,9346
03/20/2001,1202.00,1202.00,1163.60,1163.60,4531,13736
03/21/2001,1150.00,1150.00,1142.50,1142.50,6903,19970
03/22/2001,1113.50,1140.00,1113.50,1129.80,6262,22712
03/23/2001,1158.00,1164.00,1158.00,1164.00,1014,22821
03/26/2001,1177.90,1177.90,1177.90,1177.90,1568,23942
03/27/2001,1175.00,1206.00,1175.00,1201.30,556,24048
03/28/2001,1185.00,1185.00,1170.00,1170.60,3283,26711
03/29/2001,1157.00,1172.50,1157.00,1172.50,927,27648
03/30/2001,1173.00,1180.50,1173.00,1180.00,7123,33566
04/02/2001,1186.00,1186.00,1160.00,1161.00,186,33584
04/03/2001,1141.00,1141.00,1118.70,1118.70,922,33741
04/04/2001,1113.00,1122.40,1113.00,1122.40,261,33464
04/05/2001,1143.00,1166.50,1143.00,1165.40,2470,33748
04/06/2001,1150.00,1150.20,1142.00,1150.20,2509,34734
04/09/2001,1162.50,1162.50,1154.00,1160.30,1130,35508
04/10/2001,1176.00,1192.00,1176.00,1182.80,829,35349
04/11/2001,1205.50,1205.50,1184.20,1184.20,753,35440
04/12/2001,1180.50,1203.40,1179.50,1203.40,1245,35906
04/16/2001,1188.00,1193.20,1188.00,1193.20,427,36061
04/17/2001,1200.00,1210.00,1197.00,1206.70,78,36083
04/18/2001,1230.00,1265.00,1230.00,1257.30,6558,42910
04/19/2001,1270.50,1270.50,1269.80,1269.80,1273,43202
04/20/2001,1259.50,1261.70,1259.50,1261.70,769,43700
04/23/2001,1252.00,1252.00,1236.50,1236.50,295,43813
04/24/2001,1241.00,1244.00,1227.00,1227.00,909,44397
04/25/2001,1226.50,1242.50,1226.50,1242.50,687,44653
04/26/2001,1250.90,1250.90,1250.90,1250.90,616,45002
04/27/2001,1261.50,1270.00,1260.00,1269.40,2063,46967
04/30/2001,1276.00,1283.00,1265.20,1265.20,1601,47544
05/01/2001,1266.50,1283.50,1262.50,1283.50,8483,53894
05/02/2001,1286.00,1288.00,1281.50,1282.00,1440,54763
05/03/2001,1273.50,1273.50,1264.90,1264.90,2959,57252
05/04/2001,1246.00,1283.60,1246.00,1283.60,937,58047
05/07/2001,1277.00,1277.00,1273.80,1273.80,1414,59062
05/08/2001,1273.80,1273.80,1273.70,1273.70,4963,63034
05/09/2001,1272.50,1272.50,1267.80,1267.80,2506,65041
05/10/2001,1282.00,1282.00,1271.70,1271.70,2009,66277
05/11/2001,1262.00,1262.20,1256.00,1262.20,754,66791
05/14/2001,1259.00,1262.30,1256.00,1262.30,406,66885
05/15/2001,1262.50,1267.60,1262.50,1267.60,5370,71369
05/16/2001,1257.00,1298.80,1257.00,1298.80,2982,72025
05/17/2001,1298.50,1310.00,1297.00,1302.00,6920,76926
05/18/2001,1304.50,1306.50,1296.00,1306.10,3913,78501
05/21/2001,1306.50,1326.00,1303.00,1325.40,1065,78894
05/22/2001,1324.50,1327.00,1322.00,1323.70,3576,81503
05/23/2001,1317.20,1318.50,1301.00,1301.10,11060,89048
05/24/2001,1303.00,1305.50,1294.50,1305.10,16122,99787
05/25/2001,1302.00,1302.50,1289.40,1289.40,12005,108568
05/29/2001,1291.00,1291.00,1278.50,1278.80,10343,115347
05/30/2001,1272.00,1274.00,1258.00,1260.10,16222,125751
05/31/2001,1262.50,1273.00,1260.00,1267.50,29069,143917
06/01/2001,1269.00,1276.50,1258.00,1275.10,18741,154929
06/04/2001,1276.80,1279.50,1268.00,1279.30,16233,166539
06/05/2001,1280.50,1297.80,1279.00,1294.80,25752,184970
06/06/2001,1292.50,1292.80,1279.50,1284.20,67447,239759
06/07/2001,1277.00,1289.40,1276.00,1286.80,132687,293746
06/08/2001,1284.50,1284.50,1266.50,1276.50,99253,330575
06/11/2001,1274.00,1274.80,1259.00,1266.00,99029,364339
06/12/2001,1254.50,1272.00,1245.20,1264.30,115170,401377
06/13/2001,1265.50,1270.50,1250.80,1252.80,92230,434701
06/14/2001,1245.00,1246.80,1222.00,1223.00,83899,450264
06/15/2001,1217.00,1231.00,1211.50,1226.00,65839,446767
06/18/2001,1226.00,1230.80,1216.00,1219.80,43583,446527
06/19/2001,1231.00,1235.50,1215.50,1223.90,60370,450602
06/20/2001,1217.00,1234.80,1216.50,1229.20,68057,456356
06/21/2001,1228.00,1249.30,1226.20,1243.00,61802,458971
06/22/2001,1241.00,1242.30,1228.50,1235.00,46821,456510
06/25/2001,1238.50,1240.00,1221.00,1223.50,41010,455862
06/26/2001,1211.50,1229.30,1211.50,1220.60,60486,458721
06/27/2001,1221.00,1227.50,1214.00,1219.00,57353,460167
06/28/2001,1224.50,1244.90,1224.00,1227.00,69738,466801
06/29/2001,1233.00,1245.50,1228.00,1231.70,70653,466953
07/02/2001,1234.00,1248.00,1231.50,1245.90,56101,469942
07/03/2001,1243.50,1246.20,1236.00,1245.60,34887,468241
07/05/2001,1233.50,1240.80,1221.60,1222.30,43100,468805
07/06/2001,1217.00,1218.90,1193.00,1193.80,63870,466750
07/09/2001,1198.50,1209.20,1196.00,1200.20,60967,463113
07/10/2001,1207.50,1210.50,1186.00,1186.50,67504,458846
07/11/2001,1184.00,1192.00,1174.00,1185.30,78044,460201
07/12/2001,1198.50,1217.50,1196.50,1214.20,68116,459330
07/13/2001,1211.00,1225.90,1209.60,1225.20,46710,459817
07/16/2001,1222.50,1225.30,1205.50,1210.50,52952,460524
07/17/2001,1205.60,1222.50,1201.50,1220.50,60446,465018
07/18/2001,1208.50,1218.00,1203.10,1212.30,72889,461632
07/19/2001,1224.00,1231.40,1210.50,1222.90,71073,465122
07/20/2001,1213.50,1221.00,1211.50,1215.00,46131,463091
07/23/2001,1220.50,1221.00,1191.50,1192.00,55515,461248
07/24/2001,1191.50,1193.80,1168.70,1178.30,67290,459614
07/25/2001,1179.00,1195.80,1176.00,1191.50,69919,457440
07/26/2001,1190.50,1209.50,1186.80,1205.50,69303,464357
07/27/2001,1208.50,1214.20,1200.20,1209.70,47646,463420
07/30/2001,1213.00,1214.30,1204.00,1209.70,40295,462067
07/31/2001,1209.50,1227.50,1209.00,1215.30,58145,462423
08/01/2001,1221.00,1227.50,1216.00,1221.40,54964,459318
08/02/2001,1232.50,1232.50,1219.00,1226.00,46760,459841
08/03/2001,1223.20,1223.20,1209.00,1220.00,43962,457403
08/06/2001,1214.50,1215.50,1200.70,1203.00,44311,454070
08/07/2001,1203.50,1212.00,1199.00,1207.70,48765,452274
08/08/2001,1201.00,1210.80,1183.80,1185.50,69253,448083
08/09/2001,1185.00,1189.00,1178.00,1187.80,62561,447704
08/10/2001,1186.00,1197.50,1171.50,1191.20,63355,447970
08/13/2001,1194.50,1197.40,1188.00,1192.50,43028,446340
08/14/2001,1199.50,1202.50,1187.20,1192.30,49662,445472
08/15/2001,1191.70,1194.80,1179.50,1180.80,58003,444208
08/16/2001,1176.00,1185.50,1168.00,1184.80,68743,442760
08/17/2001,1174.00,1177.00,1158.40,1165.50,60448,439521
08/20/2001,1164.50,1177.30,1163.50,1175.70,47996,442434
08/21/2001,1175.50,1183.30,1156.00,1156.30,61704,437808
08/22/2001,1164.00,1171.50,1155.60,1167.20,69796,433935
08/23/2001,1166.00,1172.80,1162.20,1163.50,61226,427121
08/24/2001,1168.50,1189.00,1165.00,1187.50,70058,426107
08/27/2001,1186.50,1189.50,1179.50,1180.50,44797,419513
08/28/2001,1180.00,1182.00,1163.00,1163.60,79742,405961
08/29/2001,1167.50,1168.50,1148.50,1152.40,78893,396794
08/30/2001,1146.50,1154.00,1125.50,1129.30,96761,386484
08/31/2001,1130.00,1144.00,1127.50,1135.10,73713,381741
09/04/2001,1136.00,1158.00,1130.00,1131.00,107371,380483
09/05/2001,1132.00,1138.00,1115.50,1133.50,113582,370844
09/06/2001,1122.50,1129.00,1103.00,1103.50,110367,362306
09/07/2001,1096.20,1108.40,1082.40,1083.30,117002,347712
09/10/2001,1074.00,1098.70,1073.50,1095.70,200,332416
09/17/2001,1035.70,1058.00,1015.00,1039.00,218696,263973
09/18/2001,1037.00,1047.50,1028.00,1035.50,169758,185503
09/19/2001,1035.00,1039.50,980.50,1013.60,92044,139311
09/20/2001,998.00,1004.00,980.00,981.60,55196,123019
