"Date","Open","High","Low","Close","Volume","OpenInt"
03/19/1999,1405.00,1405.00,1405.00,1405.00,0,0
03/22/1999,1408.70,1408.70,1408.70,1408.70,0,0
03/23/1999,1367.30,1367.30,1367.30,1367.30,0,0
03/24/1999,1375.10,1375.10,1375.10,1375.10,0,0
03/25/1999,1399.00,1399.00,1399.00,1399.00,0,0
03/26/1999,1392.40,1392.40,1392.40,1392.40,0,0
03/29/1999,1414.60,1414.60,1414.60,1414.60,0,0
03/30/1999,1414.60,1414.60,1414.60,1414.60,0,0
03/31/1999,1393.10,1393.10,1393.10,1393.10,0,0
04/01/1999,1401.60,1401.60,1401.60,1401.60,0,0
04/05/1999,1430.70,1430.70,1430.70,1430.70,0,0
04/06/1999,1427.90,1427.90,1427.90,1427.90,0,0
04/07/1999,1435.90,1435.90,1435.90,1435.90,0,0
04/08/1999,1453.50,1453.50,1453.50,1453.50,0,0
04/09/1999,1456.10,1456.10,1456.10,1456.10,0,0
04/12/1999,1471.00,1471.00,1471.00,1471.00,0,0
04/13/1999,1461.00,1461.00,1461.00,1461.00,0,0
04/14/1999,1437.40,1437.40,1437.40,1437.40,0,0
04/15/1999,1429.30,1429.30,1429.30,1429.30,0,0
04/16/1999,1419.80,1419.80,1419.80,1419.80,0,0
04/19/1999,1397.90,1397.90,1397.90,1397.90,0,0
04/20/1999,1411.50,1411.50,1411.50,1411.50,0,0
04/21/1999,1450.80,1450.80,1450.80,1450.80,0,0
04/22/1999,1468.50,1468.50,1468.50,1468.50,0,0
04/23/1999,1464.20,1464.20,1464.20,1464.20,0,0
04/26/1999,1472.30,1472.30,1472.30,1472.30,0,0
04/27/1999,1475.90,1475.90,1475.90,1475.90,0,0
04/28/1999,1458.80,1458.80,1458.80,1458.80,0,0
04/29/1999,1448.80,1448.80,1448.80,1448.80,0,0
04/30/1999,1435.30,1435.30,1435.30,1435.30,0,0
05/03/1999,1458.10,1458.10,1458.10,1458.10,0,0
05/04/1999,1441.60,1441.60,1441.60,1441.60,0,0
05/05/1999,1450.60,1450.60,1450.60,1450.60,0,0
05/06/1999,1441.10,1441.10,1441.10,1441.10,0,0
05/07/1999,1450.00,1450.00,1450.00,1450.00,0,0
05/10/1999,1446.50,1446.50,1446.50,1446.50,0,0
05/11/1999,1450.00,1460.00,1450.00,1460.00,5,5
05/12/1999,1470.80,1470.80,1470.80,1470.80,0,5
05/13/1999,1476.30,1476.30,1476.30,1476.30,2,7
05/14/1999,1440.40,1440.40,1440.40,1440.40,1,5
05/17/1999,1440.50,1440.50,1440.50,1440.50,0,5
05/18/1999,1441.20,1441.20,1441.20,1441.20,0,5
05/19/1999,1452.50,1452.50,1452.50,1452.50,0,5
05/20/1999,1444.50,1444.50,1444.50,1444.50,0,5
05/21/1999,1436.60,1436.60,1436.60,1436.60,0,5
05/24/1999,1413.80,1413.80,1413.80,1413.80,1,6
05/25/1999,1384.90,1384.90,1384.90,1384.90,1,5
05/26/1999,1403.50,1403.50,1403.50,1403.50,0,5
05/27/1999,1398.50,1398.50,1384.90,1384.90,3,8
05/28/1999,1396.00,1396.00,1396.00,1396.00,1,8
06/01/1999,1395.90,1395.90,1395.90,1395.90,1,8
06/02/1999,1397.80,1397.80,1397.80,1397.80,1,8
06/03/1999,1407.10,1407.10,1407.10,1407.10,1,8
06/04/1999,1432.70,1432.70,1432.70,1432.70,1,8
06/07/1999,1436.70,1436.70,1436.70,1436.70,1,8
06/08/1999,1424.70,1424.70,1424.70,1424.70,1,8
06/09/1999,1422.40,1422.40,1422.40,1422.40,1,8
06/10/1999,1410.30,1410.30,1410.30,1410.30,1,8
06/11/1999,1398.80,1398.80,1398.80,1398.80,1,8
06/14/1999,1400.10,1400.10,1400.10,1400.10,1,8
06/15/1999,1409.70,1409.70,1409.70,1409.70,1,8
06/16/1999,1434.90,1434.90,1434.90,1434.90,1,8
06/17/1999,1447.80,1447.80,1447.80,1447.80,1,8
06/18/1999,1451.80,1451.80,1451.80,1451.80,1,8
06/21/1999,1456.00,1456.00,1456.00,1456.00,1,8
06/22/1999,1445.30,1445.30,1445.30,1445.30,1,8
06/23/1999,1438.30,1438.30,1438.30,1438.30,1,8
06/24/1999,1429.30,1429.30,1429.30,1429.30,1,8
06/25/1999,1427.00,1427.00,1427.00,1427.00,1,8
06/28/1999,1442.00,1442.00,1442.00,1442.00,1,8
06/29/1999,1455.30,1455.30,1455.30,1455.30,1,8
06/30/1999,1480.70,1480.70,1480.70,1480.70,1,8
07/01/1999,1491.10,1491.10,1491.10,1491.10,1,8
07/02/1999,1506.10,1506.10,1506.10,1506.10,1,0
07/06/1999,1504.10,1504.10,1504.10,1504.10,0,8
07/07/1999,1505.50,1505.50,1505.50,1505.50,1,8
07/08/1999,1506.70,1506.70,1506.70,1506.70,1,8
07/09/1999,1515.80,1515.80,1515.80,1515.80,1,8
07/12/1999,1508.10,1508.10,1508.10,1508.10,1,8
07/13/1999,1502.40,1502.40,1502.40,1502.40,1,8
07/14/1999,1511.30,1511.30,1511.30,1511.30,1,8
07/15/1999,1520.90,1520.90,1520.90,1520.90,1,8
07/16/1999,1528.90,1528.90,1528.90,1528.90,1,8
07/19/1999,1518.30,1518.30,1518.30,1518.30,1,8
07/20/1999,1484.70,1484.70,1484.70,1484.70,1,8
07/21/1999,1482.40,1482.40,1482.40,1482.40,1,8
07/22/1999,1464.80,1464.80,1464.80,1464.80,1,8
07/23/1999,1460.60,1460.60,1460.60,1460.60,1,8
07/26/1999,1452.30,1452.30,1452.30,1452.30,1,8
07/27/1999,1461.90,1461.90,1461.90,1461.90,1,8
07/28/1999,1465.80,1465.80,1465.80,1465.80,1,8
07/29/1999,1448.10,1448.10,1448.10,1448.10,1,8
07/30/1999,1430.60,1430.60,1430.60,1430.60,1,8
08/02/1999,1436.20,1436.20,1436.20,1436.20,1,8
08/03/1999,1429.30,1429.30,1429.30,1429.30,1,8
08/04/1999,1408.80,1408.80,1408.80,1408.80,1,8
08/05/1999,1420.40,1420.40,1420.40,1420.40,1,8
08/06/1999,1406.40,1406.40,1406.40,1406.40,1,8
08/09/1999,1403.00,1403.00,1403.00,1403.00,1,8
08/10/1999,1389.50,1389.50,1389.50,1389.50,1,8
08/11/1999,1403.50,1403.50,1403.50,1403.50,1,8
08/12/1999,1405.90,1405.90,1405.90,1405.90,1,8
08/13/1999,1434.20,1434.20,1434.20,1434.20,1,8
08/16/1999,1440.70,1440.70,1440.70,1440.70,1,8
08/17/1999,1448.40,1448.40,1448.40,1448.40,1,8
08/18/1999,1435.70,1435.70,1435.70,1435.70,1,8
08/19/1999,1427.40,1427.40,1427.40,1427.40,1,8
08/20/1999,1441.30,1441.30,1441.30,1441.30,1,8
08/23/1999,1469.20,1469.20,1469.20,1469.20,1,8
08/24/1999,1473.50,1473.50,1473.50,1473.50,1,8
08/25/1999,1486.50,1486.50,1486.50,1486.50,1,8
08/26/1999,1469.30,1469.30,1469.30,1469.30,1,8
08/27/1999,1453.00,1453.00,1453.00,1453.00,1,8
08/30/1999,1427.00,1427.00,1427.00,1427.00,1,8
08/31/1999,1421.20,1421.20,1421.20,1421.20,1,8
09/01/1999,1435.30,1435.30,1435.30,1435.30,1,8
09/02/1999,1421.00,1421.00,1421.00,1421.00,1,8
09/03/1999,1464.20,1464.20,1464.20,1464.20,1,8
09/07/1999,1456.00,1456.00,1456.00,1456.00,1,8
09/08/1999,1448.90,1448.90,1448.90,1448.90,1,8
09/09/1999,1448.00,1448.00,1448.00,1448.00,1,8
09/10/1999,1457.10,1457.10,1457.10,1457.10,1,8
09/13/1999,1449.90,1449.90,1449.90,1449.90,1,8
09/14/1999,1438.60,1438.60,1438.60,1438.60,1,8
09/15/1999,1417.50,1417.50,1417.50,1417.50,1,8
09/16/1999,1420.10,1420.10,1420.10,1420.10,1,8
09/17/1999,1438.70,1438.70,1438.70,1438.70,1,8
09/20/1999,1436.00,1436.00,1436.00,1436.00,1,8
09/21/1999,1406.00,1406.00,1406.00,1406.00,1,8
09/22/1999,1404.80,1404.80,1404.80,1404.80,1,8
09/23/1999,1372.40,1372.40,1372.40,1372.40,1,8
09/24/1999,1367.10,1367.10,1367.10,1367.10,1,8
09/27/1999,1375.60,1375.60,1375.60,1375.60,1,8
09/28/1999,1372.70,1372.70,1372.70,1372.70,1,8
09/29/1999,1358.00,1358.00,1358.00,1358.00,1,8
09/30/1999,1377.00,1377.00,1377.00,1377.00,1,8
10/01/1999,1374.90,1374.90,1374.90,1374.90,1,8
10/04/1999,1401.20,1401.20,1401.20,1401.20,1,8
10/05/1999,1400.20,1400.20,1400.20,1400.20,1,8
10/06/1999,1421.70,1421.70,1421.70,1421.70,1,8
10/07/1999,1415.00,1415.00,1415.00,1415.00,1,8
10/08/1999,1433.50,1433.50,1433.50,1433.50,1,8
10/11/1999,1434.30,1434.30,1434.30,1434.30,1,8
10/12/1999,1413.00,1413.00,1413.00,1413.00,1,8
10/13/1999,1373.50,1373.50,1373.50,1373.50,1,8
10/14/1999,1374.50,1374.50,1374.50,1374.50,1,8
10/15/1999,1339.30,1339.30,1339.30,1339.30,1,8
10/18/1999,1348.20,1348.20,1348.20,1348.20,1,8
10/19/1999,1357.50,1357.50,1357.50,1357.50,1,8
10/20/1999,1377.80,1377.80,1377.80,1377.80,6,12
10/21/1999,1381.00,1381.00,1381.00,1381.00,0,12
10/22/1999,1392.90,1392.90,1392.90,1392.90,0,12
10/25/1999,1389.00,1389.00,1386.20,1386.20,1,12
10/26/1999,1370.70,1370.70,1370.70,1370.70,0,12
10/27/1999,1390.50,1390.50,1390.50,1390.50,0,12
10/28/1999,1437.80,1437.80,1437.80,1437.80,0,12
10/29/1999,1450.00,1465.00,1450.00,1464.10,7,13
11/01/1999,1450.00,1450.00,1450.00,1450.00,0,13
11/02/1999,1439.70,1439.70,1439.70,1439.70,0,13
11/03/1999,1449.00,1449.00,1447.70,1447.70,6,17
11/04/1999,1455.80,1455.80,1455.80,1455.80,0,17
11/05/1999,1471.00,1471.00,1471.00,1471.00,0,17
11/08/1999,1469.60,1469.60,1469.60,1469.60,0,17
11/09/1999,1458.00,1458.00,1458.00,1458.00,0,17
11/10/1999,1467.10,1467.10,1467.10,1467.10,0,17
11/11/1999,1474.80,1474.80,1474.80,1474.80,0,17
11/12/1999,1488.90,1488.90,1488.90,1488.90,0,17
11/15/1999,1490.30,1490.30,1490.30,1490.30,0,17
11/16/1999,1520.70,1520.70,1520.70,1520.70,0,17
11/17/1999,1515.00,1515.00,1508.50,1508.50,5,16
11/18/1999,1520.00,1520.00,1520.00,1520.00,0,16
11/19/1999,1518.50,1518.50,1518.50,1518.50,0,16
11/22/1999,1518.50,1518.50,1518.50,1518.50,0,16
11/23/1999,1503.70,1503.70,1503.70,1503.70,0,16
11/24/1999,1513.40,1513.40,1513.40,1513.40,0,16
11/26/1999,1506.60,1506.60,1506.60,1506.60,0,16
11/29/1999,1502.90,1502.90,1502.90,1502.90,0,21
11/30/1999,1482.00,1482.00,1482.00,1482.00,8,14
12/01/1999,1494.00,1494.00,1494.00,1494.00,1,15
12/02/1999,1504.20,1504.20,1504.20,1504.20,0,15
12/03/1999,1531.50,1531.50,1531.50,1531.50,0,15
12/06/1999,1518.30,1518.30,1518.30,1518.30,0,15
12/07/1999,1508.30,1508.30,1508.30,1508.30,0,15
12/08/1999,1497.40,1497.40,1497.40,1497.40,0,15
12/09/1999,1502.40,1502.40,1502.40,1502.40,0,15
12/10/1999,1508.40,1508.40,1508.40,1508.40,0,15
12/13/1999,1511.70,1511.70,1511.70,1511.70,0,15
12/14/1999,1500.40,1500.40,1500.40,1500.40,0,15
12/15/1999,1505.00,1505.00,1505.00,1505.00,0,15
12/16/1999,1514.40,1514.40,1514.40,1514.40,0,15
12/17/1999,1522.50,1522.50,1522.50,1522.50,0,15
12/20/1999,1513.50,1513.50,1513.50,1513.50,0,15
12/21/1999,1534.80,1534.80,1534.80,1534.80,0,15
12/22/1999,1537.80,1537.80,1537.80,1537.80,0,15
12/23/1999,1561.90,1561.90,1561.90,1561.90,0,15
12/27/1999,1558.90,1558.90,1558.90,1558.90,0,15
12/28/1999,1560.20,1560.20,1560.20,1560.20,0,15
12/29/1999,1564.10,1564.10,1564.10,1564.10,0,15
12/30/1999,1563.10,1563.10,1563.10,1563.10,0,15
12/31/1999,1566.90,1566.90,1566.90,1566.90,0,0
01/03/2000,1549.50,1549.50,1549.50,1549.50,0,15
01/04/2000,1492.70,1492.70,1492.70,1492.70,41,55
01/05/2000,1498.00,1498.00,1494.80,1494.80,0,55
01/06/2000,1484.60,1484.60,1484.60,1484.60,2,56
01/07/2000,1518.20,1542.40,1518.20,1542.40,2,55
01/10/2000,1558.00,1558.00,1558.00,1558.00,0,55
01/11/2000,1540.00,1540.00,1536.50,1536.50,2,55
01/12/2000,1524.40,1524.40,1524.40,1524.40,0,55
01/13/2000,1541.90,1541.90,1541.90,1541.90,100,155
01/14/2000,1560.20,1561.80,1560.20,1561.80,2,154
01/18/2000,1552.90,1552.90,1552.90,1552.90,0,154
01/19/2000,1556.20,1556.20,1556.20,1556.20,0,154
01/20/2000,1540.10,1540.10,1540.00,1540.00,2,155
01/21/2000,1536.60,1536.60,1536.60,1536.60,0,155
01/24/2000,1488.00,1493.30,1488.00,1493.30,4,157
01/25/2000,1499.50,1499.50,1499.50,1499.50,0,157
01/26/2000,1496.30,1496.30,1496.30,1496.30,0,157
01/27/2000,1508.20,1508.20,1486.00,1490.30,5,158
01/28/2000,1468.00,1468.00,1446.60,1446.60,7,163
01/31/2000,1482.50,1482.50,1482.50,1482.50,2,162
02/01/2000,1499.30,1499.30,1499.30,1499.30,0,162
02/02/2000,1498.20,1498.20,1498.20,1498.20,0,162
02/03/2000,1518.20,1519.60,1518.20,1519.60,6,160
02/04/2000,1514.50,1514.50,1514.50,1514.50,8,157
02/07/2000,1510.30,1510.30,1510.30,1510.30,0,156
02/08/2000,1530.30,1530.30,1530.30,1530.30,1,155
02/09/2000,1500.90,1500.90,1500.90,1500.90,5,155
02/10/2000,1498.00,1502.40,1498.00,1502.40,2,157
02/11/2000,1468.10,1478.10,1468.10,1478.10,3,159
02/14/2000,1480.00,1480.00,1480.00,1480.00,8,160
02/15/2000,1488.30,1492.00,1488.30,1492.00,4,158
02/16/2000,1473.90,1473.90,1473.90,1473.90,0,158
02/17/2000,1468.20,1468.20,1466.30,1466.30,2,159
02/18/2000,1448.00,1448.00,1433.00,1433.00,2,161
02/22/2000,1428.30,1428.30,1428.30,1428.30,1,163
02/23/2000,1428.00,1448.20,1428.00,1445.30,6,161
02/24/2000,1428.10,1434.20,1428.10,1434.20,6,163
02/25/2000,1415.60,1415.60,1415.60,1415.60,0,163
02/28/2000,1408.00,1428.20,1408.00,1425.80,3,165
02/29/2000,1448.30,1451.10,1448.00,1451.10,10,167
03/01/2000,1464.50,1464.50,1464.50,1464.50,4,165
03/02/2000,1468.20,1468.20,1464.80,1464.80,7,168
03/03/2000,1488.40,1492.20,1488.40,1492.20,4,167
03/06/2000,1468.00,1476.30,1468.00,1476.30,0,167
03/07/2000,1448.10,1448.10,1431.70,1431.70,4,169
03/08/2000,1428.20,1445.40,1428.20,1445.40,2,171
03/09/2000,1448.40,1485.20,1448.40,1485.20,1,171
03/10/2000,1488.20,1488.20,1480.10,1480.10,96,168
03/13/2000,1446.00,1469.10,1445.10,1463.50,20,166
03/14/2000,1468.00,1468.00,1441.20,1441.20,6,172
03/15/2000,1468.20,1474.80,1468.20,1474.80,9,166
03/16/2000,1488.20,1544.00,1488.20,1544.00,96,201
03/17/2000,1555.00,1555.00,1555.00,1555.00,0,201
03/20/2000,1544.30,1544.30,1544.30,1544.30,30,230
03/21/2000,1573.60,1573.60,1573.60,1573.60,0,230
03/22/2000,1584.90,1584.90,1584.90,1584.90,0,230
03/23/2000,1613.60,1613.60,1613.60,1613.60,2,230
03/24/2000,1625.20,1625.20,1625.20,1625.20,5,225
03/27/2000,1608.40,1608.40,1608.40,1608.40,0,225
03/28/2000,1600.50,1600.50,1600.50,1600.50,0,225
03/29/2000,1593.00,1599.90,1593.00,1599.90,2,225
03/30/2000,1571.80,1571.80,1571.80,1571.80,3,225
03/31/2000,1583.60,1583.60,1583.60,1583.60,41,241
04/03/2000,1596.50,1596.50,1596.50,1596.50,0,241
04/04/2000,1573.00,1587.50,1553.00,1587.50,6,239
04/05/2000,1572.50,1572.50,1572.50,1572.50,0,239
04/06/2000,1593.10,1593.10,1573.10,1583.90,4,237
04/07/2000,1597.40,1597.40,1597.40,1597.40,65,300
04/10/2000,1589.30,1589.30,1589.30,1589.30,0,300
04/11/2000,1593.20,1593.20,1587.10,1587.10,2,300
04/12/2000,1553.10,1553.10,1542.70,1542.70,12,302
04/13/2000,1533.00,1553.20,1521.30,1521.30,6,301
04/14/2000,1504.00,1504.00,1427.00,1427.00,14,306
04/17/2000,1448.20,1474.20,1448.20,1474.20,26,324
04/18/2000,1483.30,1515.70,1483.30,1515.70,7,323
04/19/2000,1518.20,1518.20,1503.10,1503.10,12,316
04/20/2000,1510.70,1510.70,1510.70,1510.70,4,311
04/24/2000,1495.00,1500.00,1495.00,1500.00,2,312
04/25/2000,1515.20,1555.20,1515.20,1555.20,2,312
04/26/2000,1541.30,1541.30,1541.30,1541.30,13,322
04/27/2000,1506.30,1537.00,1506.30,1534.80,6,322
04/28/2000,1528.20,1528.20,1528.20,1528.20,6,322
05/01/2000,1545.90,1545.90,1545.90,1545.90,20,358
05/02/2000,1517.00,1517.00,1517.00,1517.00,36,341
05/03/2000,1515.00,1515.00,1489.30,1489.30,37,363
05/04/2000,1490.00,1490.00,1490.00,1490.00,2,363
05/05/2000,1505.30,1507.20,1505.30,1507.20,4,362
05/08/2000,1495.00,1498.20,1495.00,1498.20,2,364
05/09/2000,1486.80,1486.80,1486.80,1486.80,8,372
05/10/2000,1475.00,1475.00,1453.80,1453.80,24,386
05/11/2000,1480.50,1480.50,1480.50,1480.50,2,384
05/12/2000,1488.40,1498.90,1488.40,1498.90,22,395
05/15/2000,1515.20,1527.20,1515.20,1527.20,4,395
05/16/2000,1536.00,1542.40,1528.00,1542.40,54,441
05/17/2000,1530.00,1530.00,1527.40,1527.40,4,443
05/18/2000,1512.40,1512.40,1512.40,1512.40,0,443
05/19/2000,1501.00,1501.00,1482.70,1482.70,17,454
05/22/2000,1482.50,1482.50,1448.00,1470.70,41,479
05/23/2000,1448.10,1448.10,1447.80,1447.80,50,502
05/24/2000,1432.00,1468.30,1432.00,1468.10,143,620
05/25/2000,1482.80,1482.80,1448.20,1455.10,52,622
05/26/2000,1446.60,1446.60,1446.60,1446.60,1,622
05/30/2000,1468.40,1495.50,1468.40,1495.50,42,655
05/31/2000,1502.70,1502.70,1490.80,1490.80,42,698
06/01/2000,1508.20,1521.20,1508.20,1520.40,99,723
06/02/2000,1550.00,1550.20,1545.40,1545.40,14,684
06/05/2000,1539.70,1539.70,1539.70,1539.70,1,684
06/06/2000,1530.10,1532.20,1530.10,1532.20,2,685
06/07/2000,1541.20,1541.20,1541.20,1541.20,60,705
06/08/2000,1530.00,1535.30,1530.00,1535.30,2,706
06/09/2000,1531.00,1531.00,1531.00,1531.00,1,706
06/12/2000,1522.00,1522.00,1515.40,1515.40,4,710
06/13/2000,1540.20,1541.20,1540.20,1541.20,18,708
06/14/2000,1542.20,1550.30,1542.20,1545.20,25,707
06/15/2000,1544.70,1544.70,1544.70,1544.70,2,697
06/16/2000,1530.20,1534.50,1530.10,1534.50,4,700
06/19/2000,1551.50,1551.50,1551.50,1551.50,1,697
06/20/2000,1550.50,1550.50,1545.80,1545.80,6,699
06/21/2000,1545.40,1545.40,1545.40,1545.40,51,697
06/22/2000,1530.10,1530.10,1520.10,1522.60,229,737
06/23/2000,1520.00,1521.50,1509.70,1509.70,76,774
06/26/2000,1525.50,1525.50,1525.50,1525.50,140,856
06/27/2000,1517.20,1517.20,1517.20,1517.20,300,1065
06/28/2000,1517.60,1517.60,1517.60,1517.60,127,1033
06/29/2000,1501.10,1503.60,1500.80,1503.60,48,1012
06/30/2000,1513.70,1513.70,1513.70,1513.70,0,1012
07/03/2000,1521.00,1536.50,1521.00,1536.50,4,1008
07/05/2000,1521.30,1521.30,1508.50,1508.50,2,1006
07/06/2000,1503.00,1519.30,1503.00,1519.30,72,966
07/07/2000,1540.30,1542.30,1540.30,1540.50,198,1002
07/10/2000,1537.40,1537.40,1537.40,1537.40,10,1002
07/11/2000,1550.30,1550.30,1540.90,1540.90,63,1026
07/12/2000,1552.10,1552.10,1552.10,1552.10,1,1025
07/13/2000,1556.20,1556.20,1556.20,1556.20,106,1041
07/14/2000,1571.40,1571.40,1571.40,1571.40,69,1092
07/17/2000,1568.80,1568.80,1568.80,1568.80,105,1022
07/18/2000,1557.90,1557.90,1557.90,1557.90,20,992
07/19/2000,1550.00,1550.00,1546.80,1546.80,6,998
07/20/2000,1562.40,1562.40,1562.40,1562.40,2,976
07/21/2000,1540.00,1540.00,1535.10,1535.10,54,1031
07/24/2000,1530.20,1530.20,1522.20,1526.50,74,1095
07/25/2000,1530.00,1530.00,1530.00,1530.00,1,1094
07/26/2000,1520.20,1520.20,1513.80,1513.80,3,1095
07/27/2000,1510.00,1510.00,1508.50,1508.50,47,1125
07/28/2000,1501.20,1501.20,1476.20,1476.20,223,1285
07/31/2000,1480.00,1483.00,1480.00,1483.00,62,1273
08/01/2000,1491.60,1491.60,1491.60,1491.60,0,1273
08/02/2000,1500.20,1502.20,1496.80,1496.80,4,1269
08/03/2000,1482.10,1505.90,1480.10,1505.90,30,1279
08/04/2000,1516.10,1516.10,1516.10,1516.10,10,1286
08/07/2000,1520.20,1531.40,1520.20,1531.40,7,1285
08/08/2000,1536.80,1536.80,1536.80,1536.80,6,1288
08/09/2000,1543.00,1543.00,1526.30,1526.30,94,1293
08/10/2000,1522.00,1522.00,1516.00,1519.20,13,1283
08/11/2000,1510.10,1523.70,1510.10,1523.70,155,1298
08/14/2000,1530.30,1543.90,1530.30,1543.90,217,1369
08/15/2000,1540.50,1540.50,1540.50,1540.50,11,1358
08/16/2000,1537.00,1537.00,1537.00,1537.00,35,1391
08/17/2000,1546.00,1550.50,1546.00,1549.40,26,1389
08/18/2000,1547.50,1547.50,1546.50,1546.50,95,1422
08/21/2000,1552.60,1552.60,1552.60,1552.60,21,1422
08/22/2000,1559.00,1559.00,1553.30,1553.30,18,1432
08/23/2000,1555.80,1555.80,1555.80,1555.80,0,1432
08/24/2000,1560.20,1561.20,1560.20,1561.20,139,1563
08/25/2000,1559.60,1559.60,1559.60,1559.60,2,1561
08/28/2000,1570.20,1570.20,1565.00,1565.00,33,1557
08/29/2000,1560.70,1564.50,1560.70,1564.50,54,1577
08/30/2000,1550.10,1550.10,1550.10,1550.10,1,1577
08/31/2000,1573.00,1576.00,1567.90,1567.90,7,1577
09/01/2000,1570.00,1570.00,1570.00,1570.00,8,1577
09/05/2000,1560.00,1560.00,1558.40,1558.40,2,1579
09/06/2000,1550.10,1550.10,1539.90,1539.90,49,1618
09/07/2000,1552.10,1552.10,1552.10,1552.10,5,1614
09/08/2000,1538.00,1542.30,1538.00,1542.30,4,1618
09/11/2000,1533.50,1537.00,1533.50,1537.00,245,1869
09/12/2000,1539.50,1539.50,1527.00,1527.00,90,1886
09/13/2000,1520.10,1530.10,1520.00,1530.10,331,2251
09/14/2000,1525.40,1525.40,1525.40,1525.40,71,2222
09/15/2000,1510.00,1510.00,1505.70,1505.70,75,2269
09/18/2000,1504.00,1504.00,1489.10,1489.10,96,2281
09/19/2000,1491.00,1500.50,1491.00,1500.50,59,2314
09/20/2000,1482.20,1493.00,1478.00,1491.00,144,2258
09/21/2000,1491.50,1491.50,1491.50,1491.50,23,2270
09/22/2000,1462.20,1490.30,1462.20,1490.30,135,2338
09/25/2000,1490.00,1490.00,1482.90,1482.90,30,2341
09/26/2000,1470.00,1470.00,1464.50,1464.50,33,2344
09/27/2000,1462.00,1468.50,1460.00,1468.50,26,2342
09/28/2000,1481.00,1500.40,1481.00,1498.00,121,2453
09/29/2000,1490.00,1490.00,1475.50,1475.50,37,2435
10/02/2000,1480.50,1480.50,1477.80,1477.80,44,2424
10/03/2000,1483.50,1483.50,1462.00,1463.10,45,2428
10/04/2000,1460.10,1471.80,1460.10,1471.80,131,2417
10/05/2000,1480.30,1482.30,1475.00,1477.60,103,2448
10/06/2000,1462.00,1462.00,1445.00,1447.80,509,2724
10/09/2000,1440.80,1440.80,1431.50,1437.50,63,2707
10/10/2000,1441.00,1441.00,1410.00,1411.60,310,2846
10/11/2000,1416.50,1416.50,1385.00,1399.10,849,3442
10/12/2000,1406.00,1406.00,1362.50,1364.00,2064,4877
10/13/2000,1368.00,1405.80,1368.00,1405.80,256,4911
10/16/2000,1400.80,1411.90,1400.80,1411.90,728,5493
10/17/2000,1402.10,1402.10,1376.90,1379.70,1339,6471
10/18/2000,1358.50,1387.50,1358.50,1372.40,812,6567
10/19/2000,1398.50,1422.20,1398.50,1421.40,105,6555
10/20/2000,1416.50,1442.20,1416.50,1431.60,266,6385
10/23/2000,1422.10,1437.60,1422.10,1437.60,2,6387
10/24/2000,1442.30,1442.30,1422.20,1423.50,201,6499
10/25/2000,1413.50,1413.50,1394.00,1394.00,1058,7229
10/26/2000,1400.50,1401.20,1369.50,1391.30,1309,8154
10/27/2000,1404.00,1421.30,1400.00,1421.30,215,8147
10/30/2000,1413.00,1434.00,1413.00,1432.00,104,8215
10/31/2000,1442.40,1461.50,1442.40,1461.50,220,8175
11/01/2000,1453.00,1455.00,1441.00,1453.00,1350,8817
11/02/2000,1460.50,1464.50,1456.10,1456.10,455,9018
11/03/2000,1457.50,1464.50,1453.00,1457.30,706,9286
11/06/2000,1465.00,1470.00,1459.00,1467.70,245,9426
11/07/2000,1460.00,1465.30,1457.00,1465.30,1522,10598
11/08/2000,1466.50,1466.50,1434.40,1434.40,3566,13004
11/09/2000,1429.00,1430.50,1402.20,1424.10,2302,14338
11/10/2000,1415.50,1416.00,1391.50,1392.90,3595,15911
11/13/2000,1380.00,1392.00,1360.00,1379.00,3472,18405
11/14/2000,1397.00,1415.20,1396.50,1415.20,1993,18927
11/15/2000,1413.00,1422.10,1408.60,1418.20,1218,19620
11/16/2000,1414.50,1414.50,1398.50,1399.80,2417,21350
11/17/2000,1399.50,1405.00,1384.00,1390.80,1484,22582
11/20/2000,1381.00,1384.00,1366.00,1367.00,5266,26363
11/21/2000,1371.00,1382.00,1360.00,1375.80,4082,29097
11/22/2000,1361.00,1368.00,1342.70,1342.70,9797,35975
11/24/2000,1363.00,1368.00,1363.00,1366.60,1086,36828
11/27/2000,1381.00,1385.00,1374.50,1379.00,13368,45869
11/28/2000,1374.70,1376.50,1358.60,1358.60,21822,61674
11/29/2000,1363.50,1374.50,1353.50,1355.30,16360,71362
11/30/2000,1342.00,1350.00,1318.00,1341.20,34275,98213
12/01/2000,1348.00,1356.50,1333.50,1340.00,19682,111020
12/04/2000,1338.50,1354.50,1334.00,1350.20,30503,130440
12/05/2000,1363.50,1400.50,1362.50,1394.60,48676,160590
12/06/2000,1393.50,1399.50,1367.50,1374.00,64422,213447
12/07/2000,1367.00,1375.50,1355.50,1356.50,116863,261169
12/08/2000,1384.00,1404.00,1350.00,1357.50,117997,308677
12/11/2000,1388.00,1412.50,1384.00,1403.00,105624,343443
12/12/2000,1396.50,1402.00,1391.00,1399.30,91273,381633
12/13/2000,1404.50,1408.00,1377.00,1377.80,112042,421228
12/14/2000,1374.00,1379.50,1356.00,1358.00,97249,443292
12/15/2000,1349.50,1349.50,1323.50,1326.00,74194,446755
12/18/2000,1341.00,1352.00,1335.40,1346.50,53852,448238
12/19/2000,1347.30,1366.50,1317.00,1318.00,74044,454211
12/20/2000,1300.00,1304.00,1276.50,1279.60,76386,458295
12/21/2000,1276.00,1304.00,1270.00,1288.00,78707,462292
12/22/2000,1300.50,1327.50,1300.50,1326.70,44762,460618
12/26/2000,1326.00,1337.80,1319.60,1336.90,32092,460410
12/27/2000,1331.00,1352.00,1328.00,1350.50,39366,465388
12/28/2000,1344.50,1354.50,1342.00,1353.20,31561,468544
12/29/2000,1351.40,1356.00,1326.00,1335.00,40548,468341
01/02/2001,1331.00,1334.80,1289.00,1299.80,81144,467704
01/03/2001,1296.00,1370.00,1289.00,1359.20,107908,471879
01/04/2001,1359.00,1365.00,1341.60,1348.30,92691,470744
01/05/2001,1348.00,1349.00,1304.00,1304.50,85100,474904
01/08/2001,1307.50,1310.50,1287.50,1309.50,74001,476537
01/09/2001,1315.00,1325.50,1306.00,1309.50,71853,475111
01/10/2001,1300.00,1328.90,1297.00,1327.00,82176,476222
01/11/2001,1321.00,1343.50,1321.00,1334.50,70544,465269
01/12/2001,1338.50,1345.00,1322.00,1330.30,67592,468147
01/16/2001,1330.00,1339.50,1324.00,1335.50,55288,465367
01/17/2001,1353.50,1358.00,1335.00,1341.70,72609,461036
01/18/2001,1344.00,1364.00,1337.10,1356.00,75183,460180
01/19/2001,1369.00,1369.00,1345.50,1348.50,68946,455142
01/22/2001,1347.50,1364.20,1343.00,1358.50,63861,459062
01/23/2001,1354.50,1373.00,1348.50,1366.00,63902,457836
01/24/2001,1367.00,1379.00,1366.00,1370.20,60583,455310
01/25/2001,1368.00,1377.00,1363.00,1364.50,54207,455234
01/26/2001,1359.50,1366.50,1350.50,1363.30,48959,453975
01/29/2001,1359.90,1374.00,1359.00,1370.00,44452,451393
01/30/2001,1372.00,1384.00,1364.00,1382.00,51911,449971
01/31/2001,1380.00,1390.00,1371.00,1372.90,65854,451164
02/01/2001,1372.00,1383.50,1366.50,1382.50,58460,452462
02/02/2001,1382.50,1383.70,1352.10,1353.30,61971,452638
02/05/2001,1353.50,1362.90,1351.20,1362.00,47866,451439
02/06/2001,1360.20,1370.00,1356.00,1356.30,47771,451101
02/07/2001,1351.00,1356.50,1340.00,1349.50,65552,453206
02/08/2001,1351.10,1356.50,1334.00,1335.00,64675,454578
02/09/2001,1335.00,1335.90,1315.00,1321.50,62209,452455
02/12/2001,1319.50,1338.50,1319.50,1333.50,58991,451638
02/13/2001,1336.50,1342.00,1322.00,1326.10,68244,453076
02/14/2001,1324.50,1325.50,1308.50,1319.80,73283,449210
02/15/2001,1327.00,1335.90,1325.50,1333.10,66288,440620
02/16/2001,1303.00,1312.50,1296.50,1305.50,78064,428594
02/20/2001,1309.00,1310.80,1282.00,1285.30,73992,426715
02/21/2001,1277.00,1287.20,1255.00,1256.50,91723,416906
02/22/2001,1260.50,1264.50,1230.00,1257.50,109801,410200
02/23/2001,1247.50,1253.50,1217.00,1247.50,117113,390707
02/26/2001,1253.50,1274.30,1244.00,1273.60,83423,380758
02/27/2001,1267.70,1277.00,1254.50,1264.10,91059,371368
02/28/2001,1268.50,1268.50,1231.00,1242.00,111257,359566
03/01/2001,1236.50,1244.00,1216.00,1243.50,115029,344907
03/02/2001,1224.00,1254.00,1221.00,1235.20,92929,332971
03/05/2001,1239.50,1244.50,1235.60,1243.70,67672,321780
03/06/2001,1258.50,1270.00,1253.50,1257.00,93625,298501
03/07/2001,1264.00,1267.00,1254.80,1265.20,98829,270115
03/08/2001,1262.00,1268.00,1258.00,1266.20,76116,230205
03/09/2001,1254.00,1255.00,1227.00,1231.10,64498,198638
03/12/2001,1218.00,1220.00,1174.00,1179.10,67533,163924
03/13/2001,1185.50,1199.00,1172.00,1197.20,55775,139178
03/14/2001,1165.20,1188.00,1155.00,1169.20,51914,112346
03/15/2001,1180.00,1182.00,1169.50,1173.30,28394,107313
