"Date","Open","High","Low","Close","Volume","OpenInt"
06/16/2000,1658.00,1658.00,1658.00,1658.00,0,0
06/19/2000,1675.00,1675.00,1675.00,1675.00,0,0
06/20/2000,1671.30,1671.30,1671.30,1671.30,0,0
06/21/2000,1670.90,1670.90,1670.90,1670.90,0,0
06/22/2000,1651.60,1651.60,1651.60,1651.60,0,0
06/23/2000,1635.20,1635.20,1635.20,1635.20,0,0
06/26/2000,1651.00,1651.00,1651.00,1651.00,0,0
06/27/2000,1642.70,1642.70,1642.70,1642.70,0,0
06/28/2000,1643.60,1643.60,1643.60,1643.60,0,0
06/29/2000,1627.10,1627.10,1627.10,1627.10,0,0
06/30/2000,1637.70,1637.70,1637.70,1637.70,0,0
07/03/2000,1659.90,1659.90,1659.90,1659.90,0,0
07/05/2000,1631.80,1631.80,1631.80,1631.80,0,0
07/06/2000,1642.80,1642.80,1642.80,1642.80,0,0
07/07/2000,1664.00,1664.00,1664.00,1664.00,0,0
07/10/2000,1660.90,1660.90,1660.90,1660.90,0,0
07/11/2000,1664.40,1664.40,1664.40,1664.40,0,0
07/12/2000,1676.10,1676.10,1676.10,1676.10,0,0
07/13/2000,1680.00,1680.00,1680.00,1680.00,0,0
07/14/2000,1695.40,1695.40,1695.40,1695.40,0,0
07/17/2000,1693.30,1693.30,1693.30,1693.30,0,0
07/18/2000,1682.40,1682.40,1682.40,1682.40,0,0
07/19/2000,1670.80,1670.80,1670.80,1670.80,0,0
07/20/2000,1686.30,1686.30,1686.30,1686.30,0,0
07/21/2000,1658.80,1658.80,1658.80,1658.80,0,0
07/24/2000,1648.10,1648.10,1648.10,1648.10,0,0
07/25/2000,1651.60,1651.60,1651.60,1651.60,0,0
07/26/2000,1635.30,1635.30,1635.30,1635.30,0,0
07/27/2000,1630.00,1630.00,1630.00,1630.00,0,0
07/28/2000,1597.20,1597.20,1597.20,1597.20,0,0
07/31/2000,1604.00,1604.00,1604.00,1604.00,0,0
08/01/2000,1612.60,1612.60,1612.60,1612.60,0,0
08/02/2000,1616.60,1616.60,1616.60,1616.60,5,5
08/03/2000,1626.00,1626.00,1626.00,1626.00,0,5
08/04/2000,1636.50,1636.50,1636.50,1636.50,0,5
08/07/2000,1653.40,1653.40,1653.40,1653.40,0,5
08/08/2000,1658.80,1658.80,1658.80,1658.80,0,5
08/09/2000,1648.30,1648.30,1648.30,1648.30,0,5
08/10/2000,1641.70,1641.70,1641.70,1641.70,0,5
08/11/2000,1646.90,1646.90,1646.90,1646.90,0,5
08/14/2000,1667.60,1667.60,1667.60,1667.60,0,5
08/15/2000,1664.20,1664.20,1664.20,1664.20,0,5
08/16/2000,1660.70,1660.70,1660.70,1660.70,0,5
08/17/2000,1673.40,1673.40,1673.40,1673.40,0,5
08/18/2000,1670.30,1670.30,1670.30,1670.30,0,5
08/21/2000,1676.40,1676.40,1676.40,1676.40,0,5
08/22/2000,1677.10,1677.10,1677.10,1677.10,0,5
08/23/2000,1679.70,1679.70,1679.70,1679.70,0,5
08/24/2000,1685.20,1685.20,1685.20,1685.20,0,5
08/25/2000,1683.60,1683.60,1683.60,1683.60,0,5
08/28/2000,1689.00,1689.00,1689.00,1689.00,0,5
08/29/2000,1688.50,1688.50,1688.50,1688.50,0,5
08/30/2000,1674.10,1674.10,1674.10,1674.10,0,5
08/31/2000,1693.50,1693.50,1693.50,1693.50,0,5
09/01/2000,1695.60,1695.60,1695.60,1695.60,0,5
09/05/2000,1682.20,1682.20,1682.20,1682.20,0,5
09/06/2000,1663.70,1663.70,1663.70,1663.70,0,5
09/07/2000,1675.90,1675.90,1675.90,1675.90,0,5
09/08/2000,1666.10,1666.10,1666.10,1666.10,0,5
09/11/2000,1660.40,1660.40,1660.40,1660.40,0,5
09/12/2000,1650.40,1650.40,1650.40,1650.40,0,5
09/13/2000,1654.40,1654.40,1654.40,1654.40,0,5
09/14/2000,1648.70,1648.70,1648.70,1648.70,0,5
09/15/2000,1625.70,1625.70,1625.70,1625.70,0,5
09/18/2000,1607.60,1607.60,1607.60,1607.60,0,5
09/19/2000,1619.40,1619.40,1619.40,1619.40,0,5
09/20/2000,1608.50,1608.50,1608.50,1608.50,0,5
09/21/2000,1609.00,1609.00,1609.00,1609.00,0,5
09/22/2000,1607.00,1607.00,1607.00,1607.00,0,5
09/25/2000,1599.90,1599.90,1599.90,1599.90,0,5
09/26/2000,1579.90,1579.90,1579.90,1579.90,0,5
09/27/2000,1584.10,1584.10,1584.10,1584.10,0,5
09/28/2000,1615.60,1615.60,1615.60,1615.60,0,5
09/29/2000,1591.70,1591.70,1591.70,1591.70,0,5
10/02/2000,1593.80,1593.80,1593.80,1593.80,0,5
10/03/2000,1578.80,1578.80,1578.80,1578.80,0,5
10/04/2000,1587.90,1587.90,1587.90,1587.90,0,5
10/05/2000,1593.70,1593.70,1593.70,1593.70,0,5
10/06/2000,1560.80,1560.80,1560.80,1560.80,0,5
10/09/2000,1550.50,1550.50,1550.50,1550.50,0,5
10/10/2000,1524.10,1524.10,1524.10,1524.10,0,5
10/11/2000,1510.50,1510.50,1510.50,1510.50,0,5
10/12/2000,1472.80,1472.80,1472.80,1472.80,0,5
10/13/2000,1517.20,1517.20,1517.20,1517.20,0,5
10/16/2000,1519.50,1519.50,1519.50,1519.50,10,15
10/17/2000,1487.30,1487.30,1487.30,1487.30,0,15
10/18/2000,1479.30,1479.30,1479.30,1479.30,0,15
10/19/2000,1529.40,1529.40,1529.40,1529.40,0,15
10/20/2000,1540.20,1540.20,1540.20,1540.20,0,15
10/23/2000,1546.40,1546.40,1546.40,1546.40,0,15
10/24/2000,1532.30,1532.30,1532.30,1532.30,0,15
10/25/2000,1502.20,1502.20,1502.20,1502.20,0,15
10/26/2000,1499.50,1499.50,1499.50,1499.50,0,15
10/27/2000,1529.60,1529.60,1529.60,1529.60,0,15
10/30/2000,1542.00,1542.00,1542.00,1542.00,2,15
10/31/2000,1574.70,1574.70,1574.70,1574.70,0,15
11/01/2000,1565.70,1565.70,1565.70,1565.70,0,15
11/02/2000,1568.90,1568.90,1568.90,1568.90,0,15
11/03/2000,1570.40,1570.40,1570.40,1570.40,0,15
11/06/2000,1581.20,1581.20,1581.20,1581.20,0,15
11/07/2000,1579.30,1579.30,1579.30,1579.30,0,15
11/08/2000,1547.50,1547.50,1547.50,1547.50,0,15
11/09/2000,1536.30,1536.30,1536.30,1536.30,0,15
11/10/2000,1504.90,1504.90,1504.90,1504.90,0,15
11/13/2000,1490.70,1490.70,1490.70,1490.70,0,15
11/14/2000,1526.70,1526.70,1526.70,1526.70,0,15
11/15/2000,1530.00,1530.00,1530.00,1530.00,0,15
11/16/2000,1511.60,1511.60,1511.60,1511.60,0,15
11/17/2000,1501.80,1501.80,1501.80,1501.80,0,15
11/20/2000,1477.80,1477.80,1477.80,1477.80,0,15
11/21/2000,1486.60,1486.60,1486.60,1486.60,0,15
11/22/2000,1452.30,1452.30,1452.30,1452.30,0,15
11/24/2000,1476.70,1476.70,1476.70,1476.70,0,15
11/27/2000,1489.30,1489.30,1489.30,1489.30,0,15
11/28/2000,1468.20,1468.20,1468.20,1468.20,0,15
11/29/2000,1460.80,1460.80,1460.80,1460.80,0,15
11/30/2000,1445.40,1445.40,1445.40,1445.40,0,15
12/01/2000,1444.50,1444.50,1444.50,1444.50,0,15
12/04/2000,1455.30,1455.30,1455.30,1455.30,0,15
12/05/2000,1500.40,1500.40,1500.40,1500.40,0,15
12/06/2000,1478.80,1478.80,1478.80,1478.80,0,15
12/07/2000,1460.00,1460.00,1460.00,1460.00,0,15
12/08/2000,1461.00,1461.00,1461.00,1461.00,0,15
12/11/2000,1508.30,1508.30,1508.30,1508.30,0,15
12/12/2000,1502.20,1502.20,1502.20,1502.20,0,15
12/13/2000,1479.80,1479.80,1479.80,1479.80,0,15
12/14/2000,1460.30,1460.30,1460.30,1460.30,0,15
12/15/2000,1421.00,1421.00,1421.00,1421.00,0,15
12/18/2000,1439.70,1439.70,1439.70,1439.70,0,15
12/19/2000,1411.10,1411.10,1411.10,1411.10,0,15
12/20/2000,1367.80,1367.80,1367.80,1367.80,0,15
12/21/2000,1376.80,1376.80,1376.80,1376.80,0,15
12/22/2000,1416.70,1416.70,1416.70,1416.70,0,15
12/26/2000,1427.20,1427.20,1427.20,1427.20,0,15
12/27/2000,1442.30,1442.30,1442.30,1442.30,0,15
12/28/2000,1439.20,1439.20,1439.20,1439.20,0,15
12/29/2000,1420.70,1420.70,1420.70,1420.70,0,15
01/02/2001,1380.10,1380.10,1380.10,1380.10,0,15
01/03/2001,1440.20,1440.20,1440.20,1440.20,0,15
01/04/2001,1426.30,1426.30,1426.30,1426.30,18,19
01/05/2001,1379.40,1379.40,1379.40,1379.40,0,16
01/08/2001,1381.20,1381.20,1381.20,1381.20,0,16
01/09/2001,1383.30,1383.30,1383.30,1383.30,0,16
01/10/2001,1402.30,1402.30,1402.30,1402.30,0,16
01/11/2001,1412.50,1412.50,1412.50,1412.50,220,182
01/12/2001,1408.40,1408.40,1408.40,1408.40,0,180
01/16/2001,1414.40,1414.40,1414.40,1414.40,0,180
01/17/2001,1419.70,1419.70,1419.70,1419.70,0,180
01/18/2001,1434.00,1434.00,1434.00,1434.00,34,180
01/19/2001,1426.00,1426.00,1426.00,1426.00,0,180
01/22/2001,1434.80,1434.80,1434.80,1434.80,0,180
01/23/2001,1446.00,1446.00,1446.00,1446.00,109,180
01/24/2001,1451.10,1451.10,1451.10,1451.10,0,180
01/25/2001,1444.20,1444.20,1444.20,1444.20,20,180
01/26/2001,1443.60,1443.60,1443.60,1443.60,32,181
01/29/2001,1450.70,1450.70,1450.70,1450.70,0,181
01/30/2001,1462.50,1462.50,1462.50,1462.50,17,185
01/31/2001,1452.80,1452.80,1452.80,1452.80,3,185
02/01/2001,1459.90,1459.90,1459.90,1459.90,184,280
02/02/2001,1430.50,1430.50,1430.50,1430.50,0,279
02/05/2001,1439.40,1439.40,1439.40,1439.40,0,279
02/06/2001,1433.70,1433.70,1433.70,1433.70,0,279
02/07/2001,1426.00,1426.00,1426.00,1426.00,50,280
02/08/2001,1410.50,1410.50,1410.50,1410.50,0,280
02/09/2001,1395.90,1395.90,1395.90,1395.90,0,280
02/12/2001,1408.10,1408.10,1408.10,1408.10,0,280
02/13/2001,1400.60,1400.60,1400.60,1400.60,0,280
02/14/2001,1395.20,1395.20,1395.20,1395.20,156,298
02/15/2001,1410.10,1410.10,1410.10,1410.10,0,298
02/16/2001,1379.90,1379.90,1379.90,1379.90,10,308
02/20/2001,1356.80,1356.80,1356.80,1356.80,0,305
02/21/2001,1325.90,1325.90,1325.90,1325.90,7,298
02/22/2001,1325.00,1325.00,1325.00,1325.00,3,295
02/23/2001,1285.00,1314.00,1285.00,1314.00,15,302
02/26/2001,1338.90,1338.90,1338.90,1338.90,0,302
02/27/2001,1329.10,1329.10,1329.10,1329.10,0,302
02/28/2001,1326.00,1326.00,1305.80,1307.10,75,302
03/01/2001,1299.00,1307.80,1285.00,1307.80,26,310
03/02/2001,1299.60,1299.60,1299.60,1299.60,1,309
03/05/2001,1307.80,1307.80,1307.80,1307.80,0,309
03/06/2001,1325.00,1325.10,1322.50,1322.50,7,312
03/07/2001,1330.00,1330.00,1330.00,1330.00,0,312
03/08/2001,1331.30,1331.30,1331.30,1331.30,0,312
03/09/2001,1304.80,1304.90,1294.60,1294.60,8,309
03/12/2001,1265.00,1265.00,1230.00,1237.60,71,323
03/13/2001,1233.50,1257.20,1233.00,1257.20,191,452
03/14/2001,1226.00,1227.00,1226.00,1226.60,82,459
03/15/2001,1235.00,1242.00,1225.00,1230.40,32,457
03/16/2001,1207.00,1218.00,1205.50,1205.50,16,458
03/19/2001,1208.50,1224.70,1200.00,1224.70,52,459
03/20/2001,1195.60,1195.60,1195.60,1195.60,7,457
03/21/2001,1172.00,1172.00,1172.00,1172.00,3,454
03/22/2001,1141.00,1158.40,1141.00,1158.40,225,456
03/23/2001,1185.00,1195.00,1185.00,1194.40,230,661
03/26/2001,1202.00,1208.30,1202.00,1208.30,41,683
03/27/2001,1233.00,1235.00,1233.00,1235.00,3,682
03/28/2001,1210.50,1210.50,1202.00,1202.00,1,682
03/29/2001,1205.50,1205.50,1202.70,1202.70,9,683
03/30/2001,1202.00,1212.00,1198.00,1210.20,32,684
04/02/2001,1191.00,1191.30,1191.00,1191.30,5,688
04/03/2001,1182.30,1182.30,1147.40,1147.40,25,685
04/04/2001,1152.50,1152.50,1145.00,1151.50,8,688
04/05/2001,1179.50,1202.00,1179.00,1195.80,21,680
04/06/2001,1185.50,1185.50,1179.60,1179.60,14,681
04/09/2001,1192.00,1192.00,1175.00,1189.30,10,680
04/10/2001,1201.00,1222.50,1201.00,1213.60,9,677
04/11/2001,1221.00,1221.00,1216.50,1216.50,2,687
04/12/2001,1235.90,1235.90,1235.90,1235.90,9,687
04/16/2001,1228.00,1228.00,1226.20,1226.20,1,687
04/17/2001,1239.80,1239.80,1239.80,1239.80,1,687
04/18/2001,1292.00,1292.00,1290.30,1290.30,9,688
04/19/2001,1304.30,1304.30,1304.30,1304.30,4,688
04/20/2001,1291.00,1294.70,1291.00,1294.70,1,687
04/23/2001,1271.80,1271.80,1268.00,1268.00,15,687
04/24/2001,1257.90,1257.90,1257.90,1257.90,1,687
04/25/2001,1274.90,1274.90,1274.90,1274.90,1,687
04/26/2001,1290.00,1290.00,1283.40,1283.40,6,688
04/27/2001,1302.60,1302.60,1302.60,1302.60,1,688
04/30/2001,1313.60,1320.00,1299.80,1300.20,5,688
05/01/2001,1305.00,1318.00,1305.00,1318.00,2,690
05/02/2001,1320.10,1320.10,1317.00,1317.00,2,690
05/03/2001,1299.90,1299.90,1298.60,1298.60,3,689
05/04/2001,1281.00,1316.30,1281.00,1316.30,2,689
05/07/2001,1305.10,1306.20,1305.10,1306.20,4,689
05/08/2001,1306.20,1306.20,1305.30,1305.30,19,688
05/09/2001,1299.40,1299.40,1299.40,1299.40,1,688
05/10/2001,1311.00,1311.00,1303.40,1303.40,2,689
05/11/2001,1294.20,1294.20,1294.20,1294.20,1,689
05/14/2001,1294.10,1294.10,1294.10,1294.10,1,689
05/15/2001,1298.60,1298.60,1298.60,1298.60,1,689
05/16/2001,1320.20,1330.80,1320.20,1330.80,24,692
05/17/2001,1335.10,1335.10,1335.10,1335.10,22,690
05/18/2001,1339.40,1339.40,1339.40,1339.40,1,690
05/21/2001,1345.00,1359.60,1345.00,1359.60,4,690
05/22/2001,1357.20,1357.20,1357.20,1357.20,1,690
05/23/2001,1334.20,1334.20,1334.20,1334.20,1,690
05/24/2001,1338.10,1338.10,1338.10,1338.10,1,690
05/25/2001,1324.80,1324.80,1322.50,1322.50,25,690
05/29/2001,1311.30,1311.30,1311.30,1311.30,177,680
05/30/2001,1305.50,1305.50,1291.90,1291.90,4,678
05/31/2001,1298.90,1298.90,1298.90,1298.90,1,678
06/01/2001,1306.50,1306.50,1306.50,1306.50,1,677
06/04/2001,1310.70,1310.70,1310.70,1310.70,1,677
06/05/2001,1320.00,1326.60,1320.00,1326.60,5,679
06/06/2001,1316.00,1316.00,1316.00,1316.00,1,679
06/07/2001,1309.80,1320.10,1309.80,1318.50,25,683
06/08/2001,1310.00,1310.00,1304.90,1308.40,197,791
06/11/2001,1296.70,1296.70,1296.70,1296.70,174,723
06/12/2001,1284.90,1295.10,1279.80,1295.10,44,578
06/13/2001,1283.60,1283.60,1283.60,1283.60,40,556
06/14/2001,1277.00,1277.00,1251.50,1251.50,16,552
06/15/2001,1246.00,1255.00,1246.00,1255.00,208,553
06/18/2001,1247.90,1247.90,1247.90,1247.90,7,553
06/19/2001,1251.60,1251.60,1251.60,1251.60,5,548
06/20/2001,1256.00,1256.80,1256.00,1256.80,8,553
06/21/2001,1270.10,1270.80,1270.10,1270.80,2,559
06/22/2001,1259.90,1262.50,1259.90,1262.50,49,592
06/25/2001,1249.90,1250.70,1249.90,1250.70,1,586
06/26/2001,1239.00,1247.80,1239.00,1247.80,1,586
06/27/2001,1246.90,1246.90,1246.90,1246.90,1,585
06/28/2001,1270.20,1270.20,1255.90,1255.90,58,577
06/29/2001,1270.00,1270.00,1261.30,1261.30,6,577
07/02/2001,1275.60,1275.60,1275.60,1275.60,0,577
07/03/2001,1275.10,1275.10,1275.10,1275.10,1,576
07/05/2001,1259.80,1259.80,1250.60,1250.60,2,576
07/06/2001,1246.00,1246.00,1220.90,1220.90,1,573
07/09/2001,1227.50,1227.50,1227.50,1227.50,1,573
07/10/2001,1212.80,1212.80,1212.80,1212.80,21,560
07/11/2001,1202.30,1211.50,1198.00,1211.50,27,560
07/12/2001,1223.50,1241.00,1223.50,1241.00,82,557
07/13/2001,1252.50,1252.50,1252.50,1252.50,158,563
07/16/2001,1237.30,1237.30,1237.30,1237.30,0,558
07/17/2001,1247.80,1247.80,1247.80,1247.80,8,558
07/18/2001,1238.40,1238.40,1238.40,1238.40,2,556
07/19/2001,1250.00,1250.00,1239.80,1249.60,6,560
07/20/2001,1240.90,1240.90,1240.90,1240.90,0,560
07/23/2001,1229.80,1229.80,1217.80,1217.80,6,562
07/24/2001,1203.30,1203.30,1195.00,1203.10,4,559
07/25/2001,1216.40,1216.40,1216.40,1216.40,1,558
07/26/2001,1223.50,1230.80,1223.50,1230.80,2,559
07/27/2001,1235.00,1235.00,1234.80,1234.80,1,559
07/30/2001,1233.80,1234.70,1233.80,1234.70,0,559
07/31/2001,1250.10,1250.10,1240.00,1240.10,2,556
08/01/2001,1246.20,1246.20,1246.20,1246.20,6,562
08/02/2001,1251.00,1251.00,1251.00,1251.00,0,562
08/03/2001,1239.80,1245.20,1239.80,1245.20,2,560
08/06/2001,1230.00,1230.00,1228.00,1228.00,2,560
08/07/2001,1230.00,1232.40,1230.00,1232.40,4,558
08/08/2001,1226.00,1227.00,1209.00,1209.00,71,573
08/09/2001,1211.00,1211.30,1203.30,1211.30,2,573
08/10/2001,1220.00,1220.00,1214.70,1214.70,4,573
08/13/2001,1216.00,1216.00,1216.00,1216.00,0,573
08/14/2001,1215.80,1215.80,1215.80,1215.80,1,573
08/15/2001,1204.00,1204.00,1204.00,1204.00,0,572
08/16/2001,1199.80,1207.90,1199.80,1207.90,4,570
08/17/2001,1187.20,1187.20,1187.20,1187.20,0,570
08/20/2001,1197.90,1197.90,1197.90,1197.90,0,570
08/21/2001,1180.80,1180.80,1178.20,1178.20,2,568
08/22/2001,1189.50,1189.50,1189.50,1189.50,10,578
08/23/2001,1185.40,1185.40,1185.40,1185.40,0,578
08/24/2001,1200.00,1210.30,1200.00,1210.30,3,580
08/27/2001,1203.30,1203.30,1203.30,1203.30,0,580
08/28/2001,1185.90,1185.90,1185.90,1185.90,0,580
08/29/2001,1175.50,1175.50,1172.00,1173.90,10,579
08/30/2001,1168.50,1168.50,1149.80,1149.80,58,568
08/31/2001,1155.50,1155.50,1155.50,1155.50,4,568
09/04/2001,1152.20,1152.20,1152.20,1152.20,1,567
09/05/2001,1155.70,1155.70,1155.70,1155.70,0,567
09/06/2001,1141.00,1141.00,1122.80,1122.80,35,567
09/07/2001,1118.00,1118.00,1101.30,1101.30,8,565
09/10/2001,1104.00,1113.30,1103.00,1113.30,0,584
09/17/2001,1070.00,1070.00,1052.80,1052.80,14,584
09/18/2001,1048.00,1048.00,1048.00,1048.00,5,584
09/19/2001,1005.00,1024.30,1005.00,1024.30,45,584
09/20/2001,990.30,990.30,990.30,990.30,15,584
09/21/2001,978.50,978.50,978.50,978.50,3,584
09/24/2001,1014.20,1014.20,1014.20,1014.20,27,614
09/25/2001,1021.00,1024.40,1021.00,1024.40,38,626
09/26/2001,1020.50,1020.50,1020.50,1020.50,47,599
09/27/2001,1028.50,1028.50,1028.50,1028.50,11,613
09/28/2001,1050.10,1050.10,1050.10,1050.10,76,592
10/01/2001,1048.00,1049.50,1037.00,1049.50,440,710
10/02/2001,1061.80,1061.80,1061.80,1061.80,3,707
10/03/2001,1068.00,1080.60,1068.00,1080.60,28,729
10/04/2001,1079.50,1080.40,1079.50,1080.40,103,819
10/05/2001,1077.60,1077.60,1077.60,1077.60,75,894
10/08/2001,1070.90,1070.90,1070.90,1070.90,4,894
10/09/2001,1065.10,1065.10,1065.10,1065.10,51,884
10/10/2001,1089.10,1089.10,1089.10,1089.10,10,884
10/11/2001,1106.30,1106.30,1106.30,1106.30,100,886
10/12/2001,1100.20,1100.20,1100.20,1100.20,203,1004
10/15/2001,1098.60,1098.60,1098.60,1098.60,0,1004
10/16/2001,1105.70,1105.70,1105.70,1105.70,0,1004
10/17/2001,1082.10,1082.10,1082.10,1082.10,0,1004
10/18/2001,1078.80,1078.80,1078.80,1078.80,63,1014
10/19/2001,1078.30,1078.30,1078.30,1078.30,30,1034
10/22/2001,1099.20,1099.20,1099.20,1099.20,10,1044
10/23/2001,1093.00,1093.90,1093.00,1093.90,5,1044
10/24/2001,1090.40,1090.40,1090.40,1090.40,55,1074
10/25/2001,1108.50,1108.50,1108.50,1108.50,175,1145
10/26/2001,1107.90,1107.90,1107.90,1107.90,25,1145
10/29/2001,1078.00,1078.00,1078.00,1078.00,105,1240
10/30/2001,1063.20,1063.20,1063.20,1063.20,1059,1733
10/31/2001,1064.60,1064.60,1064.60,1064.60,829,2145
11/01/2001,1086.20,1086.20,1086.20,1086.20,119,2159
11/02/2001,1093.60,1093.60,1093.60,1093.60,30,2159
11/05/2001,1107.80,1107.80,1107.80,1107.80,20,2179
11/06/2001,1124.80,1124.80,1124.80,1124.80,0,2179
11/07/2001,1123.00,1123.00,1123.00,1123.00,15,2180
11/08/2001,1126.90,1126.90,1126.90,1126.90,95,2240
11/09/2001,1123.00,1127.10,1123.00,1127.10,1120,3084
11/12/2001,1120.40,1120.40,1120.40,1120.40,31,3084
11/13/2001,1145.70,1145.70,1145.70,1145.70,2230,4416
11/14/2001,1147.00,1147.80,1147.00,1147.80,438,4420
11/15/2001,1150.20,1150.20,1150.20,1150.20,1281,5302
11/16/2001,1145.70,1145.70,1145.70,1145.70,1150,5797
11/19/2001,1159.10,1159.10,1159.10,1159.10,20,5693
11/20/2001,1149.60,1149.60,1149.60,1149.60,53,5693
11/21/2001,1142.10,1142.10,1142.10,1142.10,300,5993
11/23/2001,1158.50,1158.50,1158.50,1158.50,401,6393
11/26/2001,1160.70,1160.70,1160.70,1160.70,66,6381
11/27/2001,1155.80,1155.80,1155.80,1155.80,136,6412
11/28/2001,1133.90,1133.90,1133.90,1133.90,210,6553
11/29/2001,1148.70,1148.70,1148.70,1148.70,2321,8334
11/30/2001,1144.20,1144.20,1144.20,1144.20,79,8321
12/03/2001,1132.00,1133.60,1132.00,1133.60,121,8300
12/04/2001,1151.70,1151.70,1151.70,1151.70,1078,9279
12/05/2001,1173.40,1173.40,1173.40,1173.40,1933,10003
12/06/2001,1172.50,1175.00,1172.50,1173.50,594,10171
12/07/2001,1164.70,1164.70,1164.70,1164.70,147,10190
12/10/2001,1142.70,1142.70,1142.70,1142.70,393,10208
12/11/2001,1148.00,1148.00,1140.20,1140.20,352,10449
12/12/2001,1130.00,1141.50,1130.00,1141.50,657,10700
12/13/2001,1129.00,1129.00,1119.30,1119.30,230,10856
12/14/2001,1121.00,1128.90,1120.00,1128.90,534,11239
12/17/2001,1140.30,1140.30,1140.30,1140.30,476,11450
12/18/2001,1148.20,1148.20,1148.20,1148.20,710,11894
12/19/2001,1152.00,1155.80,1152.00,1155.80,1008,12009
12/20/2001,1144.70,1144.70,1144.70,1144.70,1443,12212
12/21/2001,1148.00,1151.00,1148.00,1151.00,70,12233
12/24/2001,1149.70,1149.70,1149.70,1149.70,218,12238
12/26/2001,1155.80,1155.80,1155.80,1155.80,1002,12741
12/27/2001,1162.10,1162.10,1162.10,1162.10,1977,12745
12/28/2001,1161.80,1161.80,1161.80,1161.80,783,12645
12/31/2001,1151.40,1151.40,1151.40,1151.40,490,12848
01/02/2002,1142.00,1156.60,1142.00,1156.60,1604,13266
01/03/2002,1165.00,1169.00,1165.00,1169.00,788,13082
01/04/2002,1173.50,1180.00,1173.50,1178.00,4876,15346
01/07/2002,1177.50,1177.50,1169.00,1169.30,1875,14853
01/08/2002,1170.00,1170.00,1160.50,1165.70,1080,14515
01/09/2002,1171.00,1171.00,1156.70,1156.70,232,12880
01/10/2002,1158.00,1161.30,1158.00,1161.30,458,12727
01/11/2002,1151.80,1151.80,1148.50,1149.70,11848,17752
01/14/2002,1145.50,1145.50,1139.50,1142.00,1254,17117
01/15/2002,1145.70,1150.70,1145.70,1150.70,1006,16816
01/16/2002,1141.00,1141.00,1126.00,1127.60,153,16606
01/17/2002,1136.50,1140.00,1135.50,1136.00,2427,16281
01/18/2002,1130.80,1130.80,1130.80,1130.80,495,16289
01/22/2002,1137.50,1137.50,1120.00,1123.20,1580,0
01/23/2002,1125.00,1132.50,1120.00,1130.90,1021,16043
01/24/2002,1134.50,1140.00,1133.50,1135.40,617,16083
01/25/2002,1130.50,1136.50,1130.50,1135.50,397,16091
01/28/2002,1131.00,1137.70,1131.00,1137.70,170,16005
01/29/2002,1130.50,1130.50,1101.50,1102.30,1440,17335
01/30/2002,1102.00,1117.40,1088.50,1117.40,393,17022
01/31/2002,1116.50,1132.50,1116.00,1132.50,551,16950
02/01/2002,1128.50,1130.00,1125.60,1125.60,992,17224
02/04/2002,1119.50,1119.50,1096.50,1097.30,1036,17681
02/05/2002,1093.50,1102.00,1090.40,1091.00,901,18338
02/06/2002,1093.00,1093.50,1080.40,1085.20,1328,19201
02/07/2002,1085.50,1096.00,1078.90,1078.90,3481,20982
02/08/2002,1085.50,1100.00,1084.00,1098.60,4292,25745
02/11/2002,1101.50,1113.00,1101.00,1112.30,508,25591
02/12/2002,1107.00,1112.50,1105.00,1109.60,1728,27088
02/13/2002,1113.50,1121.50,1112.70,1120.90,5554,31120
02/14/2002,1123.00,1125.30,1115.00,1119.10,6561,36662
02/15/2002,1119.50,1119.50,1106.30,1106.90,1913,37366
02/19/2002,1100.50,1100.50,1084.50,1085.70,10337,45054
02/20/2002,1086.50,1103.10,1077.00,1103.10,12810,53558
02/21/2002,1096.50,1104.50,1081.10,1081.10,15674,66935
02/22/2002,1078.50,1095.50,1076.50,1093.70,16562,78472
02/25/2002,1098.50,1114.80,1098.50,1111.80,13414,86159
02/26/2002,1113.00,1117.00,1104.00,1110.00,18703,97076
02/27/2002,1117.30,1125.00,1105.00,1113.50,19672,109559
02/28/2002,1116.00,1124.50,1108.00,1109.00,21337,124218
03/01/2002,1113.50,1135.50,1113.00,1134.80,25098,134039
03/04/2002,1137.50,1157.50,1134.00,1154.10,24060,147973
03/05/2002,1151.00,1160.00,1147.20,1151.50,35164,171082
03/06/2002,1148.50,1168.50,1148.50,1165.00,48668,202750
03/07/2002,1170.00,1171.00,1153.00,1162.00,142272,266639
03/08/2002,1171.00,1176.20,1162.30,1166.60,136473,326774
03/11/2002,1166.50,1176.20,1161.70,1169.00,128821,390285
03/12/2002,1158.00,1170.00,1156.80,1169.50,123942,433229
03/13/2002,1163.50,1164.50,1153.50,1157.30,104015,468214
03/14/2002,1156.30,1161.00,1153.20,1155.60,67976,476553
03/15/2002,1160.50,1169.50,1159.00,1166.80,52729,479969
03/18/2002,1171.00,1175.50,1161.20,1167.20,54133,478463
03/19/2002,1173.00,1177.00,1168.50,1174.20,49099,476474
03/20/2002,1165.50,1165.50,1151.70,1152.30,50096,475327
03/21/2002,1153.00,1158.00,1141.50,1152.70,58503,475007
03/22/2002,1154.00,1159.00,1147.00,1149.60,42801,473427
03/25/2002,1151.30,1153.10,1133.00,1135.80,44779,473529
03/26/2002,1134.50,1149.40,1134.00,1142.10,62595,475802
03/27/2002,1139.50,1149.50,1137.00,1145.00,49500,475790
03/28/2002,1148.50,1156.80,1144.00,1149.20,49694,473688
04/01/2002,1141.50,1149.90,1134.20,1144.50,49551,472966
04/02/2002,1139.00,1143.20,1137.10,1138.10,51359,473248
04/03/2002,1138.50,1140.80,1120.80,1130.30,62980,476233
04/04/2002,1123.50,1132.70,1121.20,1125.70,58784,478357
04/05/2002,1131.00,1135.00,1120.60,1125.40,49215,479850
04/08/2002,1111.50,1128.80,1111.00,1127.50,58558,482515
04/09/2002,1130.00,1130.00,1117.50,1120.40,55913,481233
04/10/2002,1120.00,1133.50,1119.00,1132.00,74322,482863
04/11/2002,1127.50,1128.70,1103.20,1103.90,80227,478300
04/12/2002,1108.20,1114.50,1103.90,1112.00,58603,475826
04/15/2002,1115.00,1116.70,1100.30,1104.30,55263,476930
04/16/2002,1115.00,1131.00,1115.00,1129.70,66815,473629
04/17/2002,1131.50,1134.40,1124.00,1127.90,61921,475208
04/18/2002,1127.00,1132.00,1109.50,1123.00,78877,475225
04/19/2002,1130.50,1130.50,1123.30,1126.70,43165,470446
04/22/2002,1122.00,1122.00,1106.10,1108.30,51314,470209
04/23/2002,1108.30,1112.50,1099.40,1103.30,58294,471137
04/24/2002,1103.30,1109.50,1091.50,1091.80,60155,470592
04/25/2002,1089.50,1094.50,1084.50,1092.50,71569,472728
04/26/2002,1095.50,1097.00,1070.30,1072.00,62885,476201
04/29/2002,1077.00,1079.80,1063.70,1064.90,60792,477381
04/30/2002,1067.80,1083.30,1063.50,1077.20,78431,474217
05/01/2002,1077.00,1089.00,1065.00,1088.40,73558,474950
05/02/2002,1087.00,1091.80,1079.30,1084.60,58357,476289
05/03/2002,1083.00,1083.00,1069.00,1073.00,58979,474779
05/06/2002,1072.80,1076.30,1050.10,1051.80,52691,472592
05/07/2002,1058.00,1059.00,1045.80,1047.40,60678,474447
05/08/2002,1066.00,1089.90,1066.00,1086.50,73587,473011
05/09/2002,1083.50,1086.30,1072.20,1074.00,57892,472167
05/10/2002,1076.50,1076.50,1052.50,1054.10,61462,472886
05/13/2002,1058.50,1075.80,1054.20,1075.50,57737,472859
05/14/2002,1093.00,1099.80,1086.20,1098.50,68578,473745
05/15/2002,1092.00,1105.20,1089.00,1094.50,74223,473671
05/16/2002,1092.20,1100.80,1089.50,1099.10,55530,473542
05/17/2002,1101.80,1107.90,1097.10,1105.20,58015,474165
05/20/2002,1102.50,1102.50,1091.00,1093.50,52614,472080
05/21/2002,1096.90,1100.50,1079.20,1083.10,66577,466750
05/22/2002,1078.50,1086.80,1075.70,1085.10,56369,465540
05/23/2002,1088.50,1099.00,1080.50,1097.00,56170,467857
05/24/2002,1095.50,1097.00,1082.00,1082.40,49686,467045
05/28/2002,1086.00,1086.80,1070.10,1076.60,64221,461432
05/29/2002,1072.00,1075.30,1066.70,1067.80,64951,455790
05/30/2002,1061.00,1070.30,1054.30,1065.80,86799,442132
05/31/2002,1070.00,1080.90,1063.50,1067.50,80396,430263
06/03/2002,1066.00,1071.00,1036.50,1038.80,85169,419552
06/04/2002,1035.50,1047.00,1030.50,1041.50,100310,408033
06/05/2002,1043.70,1051.50,1038.80,1050.60,70283,403355
06/06/2002,1050.00,1050.50,1026.50,1029.50,87696,398588
06/07/2002,1014.00,1033.80,1012.20,1028.30,72713,387994
06/10/2002,1027.50,1039.50,1024.50,1032.10,72095,383080
06/11/2002,1036.00,1040.20,1012.10,1014.20,105765,357527
06/12/2002,1011.50,1022.80,1002.50,1020.20,129562,338076
06/13/2002,1016.00,1024.50,1007.70,1010.80,92787,290025
06/14/2002,996.00,1009.80,978.00,1009.10,76700,249787
06/17/2002,1014.00,1037.50,1013.50,1035.60,61394,217960
06/18/2002,1031.00,1044.20,1031.00,1044.20,66187,184751
06/19/2002,1030.00,1038.00,1017.50,1019.60,67445,145978
06/20/2002,1017.00,1023.00,1004.00,1007.10,35511,120428
