821217,138,140.2,138,140.2,0,0
821220,138.5,138.5,138.5,138.5,1,1
821221,142.65,142.65,142.65,142.65,0,1
821222,142,142,142,142,0,1
821223,143,143,142.7,142.7,2,3
821227,143.75,147.2,143.75,146.6,5,8
821228,144,144,144,144,0,8
821229,144.5,145.5,144,145,0,8
821230,143,143,143,143,2,9
821231,144,144.5,143.5,143.5,0,9
830103,140.8,140.8,140.8,140.8,2,11
830104,144.4,144.4,144.4,144.4,0,11
830105,144,145.7,143.5,145,0,11
830106,146.3,150,145.5,149.2,0,11
830107,150.5,150.6,148.8,149,3,13
830110,151.1,151.5,148.5,151.1,5,13
830111,150.9,151.25,149,150.1,5,13
830112,150.8,152.2,149.55,150.15,11,17
830113,150.8,150.8,149.8,150.3,2,17
830114,150.4,151.9,150.3,150.5,12,18
830117,151.6,152.6,150.8,150.8,42,48
830118,150.4,151.3,149.25,150.5,80,104
830119,149.7,149.7,148.5,148.5,32,133
830120,150,150,150,150,5,133
830121,148.5,148.5,146.3,146.3,27,154
830124,143.7,143.8,142.4,143.8,1,153
830125,144.5,144.5,144.5,144.5,0,153
830126,144.6,144.6,143.5,144.3,4,154
830127,146.1,148.8,145.5,148.8,6,154
830128,149,149.4,147.3,147.5,33,169
830131,147.5,149.5,146.9,149.2,10,171
830201,149.2,149.25,145.15,145.2,3,170
830202,144.8,147.2,144.75,146.2,1,171
830203,146.75,148,146.1,147,7,174
830204,148.9,150.6,146.9,150.6,4,174
830207,151.6,151.9,150.7,151.5,15,173
830208,151.7,151.7,148.6,148.6,10,168
830209,149.35,149.5,148.2,148.7,3,167
830210,150.3,152.8,150.2,152.8,3,169
830211,153,153.35,151.4,151.4,8,174
830214,152.2,154.4,151.6,154,122,157
830215,154,154.3,152,152.35,14,136
830216,153.5,153.8,151.2,151.2,10,130
830217,150.95,152,150.4,152,2,131
830218,151.8,153.1,151.8,152.3,13,88
830222,151.5,152.5,149.5,149.95,11,83
830223,149.95,152.2,149.95,151.9,12,92
830224,153.2,156.1,153.2,155.1,19,98
830225,156.4,156.5,154.2,154.3,30,106
830228,152.4,153.9,152,152.4,1,105
830301,153.5,156.4,153.5,156,38,96
830302,156.1,156.6,155.6,156.3,8,100
830303,156.75,158,156.75,157,9,104
830304,156.6,157.7,155.6,157.4,3,106
830307,156.4,157.3,155.5,157.2,4,108
830308,155.25,155.5,154.5,154.5,3,107
830309,155.2,156,155.2,156,3,107
830310,155.65,156.5,153.75,153.75,4,107
830311,154,154,152.75,153.9,5,104
830314,154,154.9,152.6,154.3,17,113
830315,153.75,155,153.6,154.5,10,110
830316,154,154.65,151.5,151.5,24,115
830317,151.4,152,151.1,151.5,1,112
830318,151.75,152.5,151.5,152.5,4,115
830321,152.2,154.4,151.9,154.4,6,115
830322,153.9,154,152.55,153.15,5,117
830323,153.3,157,153.3,156.9,19,126
830324,156.6,157.4,155.9,157.15,5,127
830325,156.6,157.2,155,155.35,21,132
830328,155.8,155.9,154.35,155.35,20,132
830329,156.2,156.4,154.15,154.55,10,134
830330,155.5,156.8,155.3,156.75,2,134
830331,157.7,157.9,154,154.05,10,132
830404,154,155.4,154,155.3,9,128
830405,155.5,156,153.5,153.8,21,120
830406,153.8,153.8,151.9,153.4,16,117
830407,153.85,154.1,152.3,153.85,17,115
830408,153.7,154.4,152.8,153.95,10,117
830411,155.1,157.2,155.1,157.2,16,126
830412,156.7,157.7,156.4,157.7,11,135
830413,157.2,159.2,157.2,158.5,15,144
830414,158.4,160.65,157.9,160.6,38,151
830415,159.45,161,159.45,160.4,35,160
830418,160.4,161.4,159.8,161.3,4,157
830419,160.3,160.4,159.35,160,15,167
830420,160.15,162.5,160,162.45,24,169
830421,162.1,162.7,161.3,161.85,5,163
830422,161.6,162.4,161.6,161.9,24,179
830425,162.5,162.5,159.9,160.15,4,180
830426,160,164.35,159.8,164.25,26,181
830427,164.6,164.8,162.2,163.9,62,188
830428,163.9,165.5,163.5,165.3,8,191
830429,165.5,166.7,164.8,166.4,17,194
830502,165.6,166.5,164.4,165.3,9,195
830503,164.65,165.7,163.9,165.5,51,218
830504,165.5,167.3,165.3,166.5,20,226
830505,166.45,167.3,166.2,167.1,16,220
830506,168,170.7,167.8,169.75,47,219
830509,168.8,170.3,168.4,169.55,38,229
830510,169.8,170.2,169.4,169.6,11,226
830511,169.15,169.6,167.5,168.4,18,230
830512,167.2,167.7,166.95,167.6,11,231
830513,168.5,169.05,168,168.3,6,234
830516,166.3,166.7,165.5,166.65,53,253
830517,166.45,167,165.7,167,35,252
830518,167.6,168,165.55,165.55,19,251
830519,166.05,166.1,164.4,164.65,19,256
830520,164.5,164.6,163.6,164.35,39,257
830523,162.7,166.35,162.5,166.35,41,263
830524,166.1,168.8,166,168.8,55,263
830525,169,169.6,167.9,169.55,30,271
830526,169.2,170,168.2,168.65,75,266
830527,169,169,167.75,167.95,32,273
830531,166.5,167.4,163.8,164.3,49,289
830601,164,165.6,163.4,164.95,137,270
830602,165.9,166.6,164.6,166.55,595,740
830603,166.55,167.5,166.5,166.85,406,1018
830606,166.8,167.95,165.8,167.95,67,1017
830607,167.4,167.7,163.7,163.7,235,1090
830608,164.1,164.2,162.35,162.4,221,1121
830609,163.3,164.6,161.9,163.7,161,1143
830610,163.5,164.7,163.5,164.3,77,1157
830613,166.2,167.6,164.75,167.5,198,1192
830614,167.2,168.4,166.7,167.25,197,1230
830615,167.25,170.6,166.85,170.45,230,1308
830616,170.25,172.9,170.25,172.4,537,1457
830617,172.3,172.8,171.25,172.65,321,1489
830620,172.45,173.5,171,171.85,371,1561
830621,171.65,174.25,170.9,173.85,663,1682
830622,174.15,175.05,173,173,706,1750
830623,173.15,173.85,172.3,173.15,359,1791
830624,172.75,173.35,172.15,172.25,273,1851
830627,172.15,172.2,170.3,170.65,1457,2476
830628,171.3,171.55,168.35,168.65,1357,2827
830629,168.5,170.65,168.25,170.1,798,2793
830630,170.9,171.5,170.35,171.35,247,2725
830701,171.4,171.85,170.85,171.45,314,2714
830705,168.75,169.1,167.75,168.7,432,2728
830706,168.9,171.1,168.65,171,317,2739
830707,170.2,172.55,168.95,169.15,659,2741
830708,169.55,170,168.6,169.5,385,2854
830711,170.1,171,169.65,170,390,2870
830712,169.55,169.9,167.3,167.35,478,2957
830713,167.7,168.45,167.05,168.1,1122,3211
830714,168.85,169.65,167.85,168.3,305,3215
830715,167.95,167.95,165.85,166.3,799,3254
830718,166.5,167.4,165.95,166.6,346,3187
830719,167.05,167.95,167,167.5,315,3240
830720,168.85,171.75,168.8,171.65,591,3322
830721,171.45,172.7,170.6,172.25,731,3338
830722,171.75,172.15,171.05,171.3,375,3284
830725,170.65,173.35,170.5,172.35,401,3234
830726,172.25,173.7,171.65,172.65,598,3331
830727,173.1,173.5,169.2,169.7,631,3399
830728,169.6,170.1,166.9,166.95,1185,3583
830729,166.4,166.65,163.85,165,2530,4085
830801,164.9,165.35,163.55,164.4,1371,4257
830802,165,165.8,163.95,164.3,739,4315
830803,164.35,166.2,163.65,165.7,1016,4417
830804,165,165.6,161.2,162.85,1889,4811
830805,162.95,164.35,162.4,164.1,878,4929
830808,163.25,163.25,161.75,161.9,2006,5466
830809,162.5,163.15,160.65,162.75,1271,5614
830810,162.5,164.65,161.8,163.9,945,5600
830811,164.7,164.7,163.45,163.9,789,5767
830812,164.2,164.85,164,164.7,491,5769
830815,165.7,167,165.55,165.8,1490,5873
830816,166,166.25,164.6,165.45,1186,5994
830817,165.75,167.5,165.55,166.95,1339,6002
830818,167.4,167.5,164.8,164.95,1695,6141
830819,164.9,166.15,164.6,166.05,2183,6338
830822,167.35,167.45,165.45,165.65,3180,6451
830823,165.8,165.8,163.95,164.3,2276,6960
830824,164.65,165.05,162.55,162.7,2717,7317
830825,163.2,163.35,161.7,162.8,3922,7590
830826,162.35,164.3,162.25,163.85,2497,7795
830829,162.85,164.35,162.5,164.25,3592,8295
830830,164.3,164.95,163.55,164.25,3136,8356
830831,164.1,166.05,163.85,165.95,4168,8471
830901,166.45,166.5,165.5,166,3636,9007
830902,165.95,166.8,165.8,166.7,1616,8968
830906,168,169.6,167.65,169.6,6916,9875
830907,169.6,170.3,168.95,170.1,9174,11608
830908,169.9,170.55,169.3,169.85,5266,12262
830909,170,170.05,168.55,168.55,6670,12544
830912,171.2,171.2,166.35,166.6,41890,15473
830913,166.5,167.1,165.75,166.95,37326,16905
830914,166.35,167.75,166.25,167.5,32214,17060
830915,167.65,167.8,166.45,166.55,30079,17908
830916,166.65,169.2,166.65,168.95,24905,18783
830919,169.55,170.7,169,170.15,38081,20114
830920,170.75,171.65,170.6,171.25,39431,20347
830921,171.2,171.65,169.95,170.75,35078,22077
830922,170.35,172.25,170.15,171.7,38456,21969
830923,172,172.1,170.95,171.4,25898,21635
830926,171.85,172.6,170.85,171.5,36293,22620
830927,171.2,171.35,169.5,170.4,35664,22449
830928,170.2,170.4,169.5,170,31905,22281
830929,169.7,170.15,169.15,169.4,30819,22680
830930,169.6,169.6,168.1,168.25,21930,23019
831003,167.75,168.5,167.3,168.45,26987,23808
831004,168.45,169.3,168.25,168.5,28529,25152
831005,168.9,170.15,168.15,170.1,31717,24432
831006,170.1,172.05,170,171.95,33652,24991
831007,171.9,172.75,171.7,172.1,25908,24974
831010,171.5,174.25,171.2,174.05,29425,25865
831011,173.2,173.6,171.5,171.6,40380,24798
831012,171.6,172.4,170.45,171.05,34259,24792
831013,171.15,172,170.3,171.95,31030,25053
831014,172.2,172.2,170.85,171.65,29755,25939
831017,171.9,173.65,171.3,172.5,38301,26339
831018,172.3,172.6,169.25,169.95,42149,27395
831019,169.4,169.65,167.1,168.5,47533,26568
831020,167.95,169.35,167.95,168.9,32920,27334
831021,168.9,169.25,166.4,167.7,32408,26691
831024,166.2,168.35,166.1,168.3,40723,26642
831025,168.35,169.15,167.9,168.1,34525,26993
831026,168.1,168.4,166.75,166.85,40818,27302
831027,166.8,167.25,166.4,167.15,33649,28337
831028,167.45,167.6,164.9,165.35,34498,26685
831031,165.6,166.15,164.15,165.45,43598,25813
831101,165.6,166,164.25,165.6,40734,27053
831102,165.7,167.2,165.4,166.7,37609,26634
831103,166.55,166.6,165,165.05,36797,25329
831104,164.6,164.95,163.75,164.2,31866,24980
831107,164,164.9,163.35,163.45,31461,25550
831108,163.6,164.3,163.4,163.75,26425,25499
831109,163.9,166,163.9,165.95,36051,27466
831110,166.1,166.75,165.85,166.2,32935,26604
831111,166.3,167.95,165.95,167.85,23835,26071
831114,167.5,168.8,167.35,167.8,34561,25024
831115,167.25,168.2,166.45,166.65,42176,24069
831116,167,167.4,166,166.8,38737,24359
831117,166.6,167.45,166.1,167.1,33313,23869
831118,167.05,167.1,165.65,166.7,26278,22870
831121,166.95,168.2,166.9,167.85,33625,23712
831122,168.05,168.6,167.55,167.85,33052,23798
831123,167.85,168.25,167.05,168.15,22934,21951
831128,168.05,168.05,166.45,166.9,26148,21731
831129,167,169.05,166.55,168.75,39271,20562
831130,169.25,169.3,166.3,166.4,41381,19005
831201,166.25,167.55,166.25,167.45,37558,18185
831202,166.9,167.25,165.45,165.95,27950,18054
831205,165.85,166.9,164.95,166.8,33224,17840
831206,166.5,166.95,165.85,166.05,35845,17034
831207,165.95,167.2,165.85,166.75,34038,15987
831208,166.4,166.65,165.1,165.45,31150,14292
831209,165.7,165.85,164.75,165.3,25650,12678
831212,165.7,166.25,165.4,166.15,6382,11670
831213,165.8,166.05,164.85,165,7462,9511
831214,165.1,165.4,163.4,163.5,7122,6745
831215,163.75,163.75,161.67,161.67,4601,5289
