830617,174,174.9,173.8,174.9,15,15
830620,174,174,174,174,0,15
830621,174,176.4,173.3,176.4,1,16
830622,175.5,175.5,175.5,175.5,0,16
830623,174.8,176,174.8,175.6,2,17
830624,174.45,174.45,174.45,174.45,0,17
830627,173.5,173.5,172.8,172.85,0,17
830628,170.9,170.9,170.9,170.9,0,17
830629,172.65,172.65,172.65,172.65,0,17
830630,173.7,173.7,173.7,173.7,0,17
830701,173.9,173.9,173.9,173.9,0,17
830705,170.8,170.8,170.8,170.8,0,17
830706,173.1,173.1,173.1,173.1,0,17
830707,172.7,174.6,171.5,171.5,3,19
830708,171.6,172.1,171.2,171.7,1,18
830711,172.85,173.1,171.9,172.1,2,18
830712,170.8,171,169.55,169.55,0,17
830713,170.15,170.5,169.25,170.4,0,17
830714,170.5,170.5,170.5,170.5,0,17
830715,168.5,168.9,168.3,168.6,2,18
830718,168.7,168.7,168.7,168.7,0,18
830719,169.6,169.6,169.6,169.6,0,18
830720,173.8,173.8,173.8,173.8,0,18
830721,174.4,174.4,174.4,174.4,0,18
830722,173.5,173.5,173.5,173.5,0,18
830725,174.5,174.5,174.5,174.5,0,18
830726,175.05,175.05,175.05,175.05,0,18
830727,172,172,172,172,0,18
830728,169.6,169.6,169.6,169.6,0,18
830729,167.6,167.6,167.6,167.6,0,18
830801,166.8,167.8,166.3,167,2,20
830802,167.2,168.3,166.8,166.9,10,30
830803,167.4,168.6,166.6,168.4,1,30
830804,166.3,166.3,164.2,165.5,1,30
830805,166.75,166.75,166.75,166.75,0,30
830808,164.5,164.5,164.5,164.5,0,30
830809,163.4,165.5,163.4,165.35,0,30
830810,165,167,164.75,166.5,1,30
830811,167.2,167.2,166.2,166.5,1,29
830812,166.8,167.2,166.7,167.2,1,28
830815,168.4,169.3,168.3,168.3,1,27
830816,168.2,168.7,167.3,167.95,1,26
830817,168.3,169.8,168.3,169.45,1,27
830818,169.85,169.85,167.2,167.2,1,26
830819,167,168.05,167,168.05,3,25
830822,169.4,169.4,167.7,167.7,1,26
830823,167.5,167.8,166.4,166.8,3,25
830824,166.9,167,165,165,1,25
830825,165.15,165.15,165.15,165.15,0,25
830826,164.9,166.3,164.9,166,1,25
830829,166,166.5,164.7,166.25,2,27
830830,166.35,166.8,165.6,166.15,1,26
830831,166.1,167.9,166.1,167.85,3,26
830901,168.15,168.15,168.15,168.15,0,26
830902,168.1,168.95,168.1,168.95,1,27
830906,171.8,171.8,171.8,171.8,0,27
830907,172.3,172.3,172.3,172.3,0,27
830908,172.1,172.1,172.1,172.1,0,27
830909,170.8,170.8,170.8,170.8,0,27
830912,174.2,174.2,169,169.2,3,29
830913,169.15,169.15,169.15,169.15,0,29
830914,169.7,169.7,169.7,169.7,0,29
830915,168.85,168.85,168.85,168.85,0,29
830916,169.2,171.5,169.2,171.35,1,30
830919,171.8,173.3,171.8,172.55,2,30
830920,173.7,173.7,173.7,173.7,0,30
830921,173.4,173.4,173.4,173.4,0,30
830922,174.3,174.3,174.3,174.3,0,30
830923,174.1,174.1,174.1,174.1,0,30
830926,174.1,174.1,174.1,174.1,0,30
830927,172.9,172.9,172.9,172.9,0,30
830928,172.6,172.7,172.3,172.6,2,30
830929,172,172,172,172,0,30
830930,170.95,170.95,170.95,170.95,0,30
831003,171.05,171.05,171.05,171.05,0,30
831004,171.2,171.2,171.2,171.2,0,30
831005,172.35,172.8,171,172.8,1,30
831006,173.4,174.7,172.9,174.65,2,30
831007,174.85,174.85,174.85,174.85,0,30
831010,175.2,177.1,173.85,177.1,3,33
831011,174.4,174.4,174.4,174.4,0,32
831012,173.85,173.85,173.85,173.85,0,32
831013,174.75,174.75,174.75,174.75,0,32
831014,174.5,174.5,174.5,174.5,0,32
831017,175.2,175.2,175.2,175.2,0,32
831018,175.2,175.4,172.3,172.85,20,47
831019,172.4,172.7,170.2,171.55,0,23
831020,172.1,172.1,172.1,172.1,4,23
831021,171,171,171,171,0,23
831024,169.3,171.7,169.3,171.7,2,24
831025,171.5,171.5,171.5,171.5,0,24
831026,170.25,170.25,170.25,170.25,0,24
831027,170.55,170.55,170.55,170.55,0,24
831028,168.65,168.65,168.65,168.65,0,24
831031,168.5,169.45,167.9,169.3,1,25
831101,169.4,169.7,168.5,169.5,2,25
831102,170.2,170.75,170.2,170.4,1,26
831103,168.85,168.85,168.85,168.85,0,26
831104,168,168,168,168,0,26
831107,168.1,168.3,167.25,167.25,26,48
831108,167.55,167.55,167.55,167.55,0,48
831109,168.5,169.8,168.5,169.8,37,40
831110,170.15,171.4,169.8,170.1,29,59
831111,170.4,171.9,170.1,171.9,4,60
831114,172,172.6,171.6,171.8,42,83
831115,171.35,172.25,170.5,170.85,31,73
831116,171.4,171.4,170.3,170.6,34,83
831117,171.1,171.2,170.4,171.05,1,84
831118,170.3,170.65,170,170.65,5,84
831121,171.8,172.1,171.4,171.95,21,89
831122,172.45,172.6,171.9,172.05,69,141
831123,171.4,172.15,171.2,172.15,9,137
831128,172,172.05,170.8,170.9,12,147
831129,171.05,173.15,170.7,173,34,156
831130,173.5,173.55,170.8,170.8,64,165
831201,170.8,171.5,170.6,171.5,22,189
831202,171,171.2,169.6,170,26,211
831205,169.8,171.1,169.4,170.85,37,220
831206,170.9,170.9,170.2,170.35,85,232
831207,171.4,171.4,170.3,171,29,237
831208,170.55,170.7,169.15,169.4,45,271
831209,169.7,169.9,168.8,169.4,60,288
831212,170.1,170.45,169.55,170.4,12,294
831213,169.5,170.1,169.1,169.1,90,330
831214,169.25,169.5,167.5,167.75,108,375
831215,167.9,167.9,166.55,166.55,280,499
831216,166.75,167.9,166.75,167.85,460,655
831219,167.75,168.55,167.4,167.85,136,665
831220,168,168.4,166.95,167.25,183,695
831221,167.9,169.5,167.8,169.3,217,712
831222,169.75,169.75,168.45,168.75,276,755
831223,169,169.05,168.65,168.8,61,738
831227,169.05,170,169.05,169.75,93,740
831228,169.4,169.8,168.95,169.7,93,724
831229,170.1,170.3,169.3,169.45,196,755
831230,169.05,169.75,169.05,169.55,122,761
840103,169,169.3,167.9,167.95,196,774
840104,168.2,171.4,168.2,171.3,704,863
840105,172.1,173.15,171.85,172.4,408,875
840106,172.45,173.2,172.15,173.05,317,911
840109,172.85,173.4,172.25,173.1,503,922
840110,173.7,174.05,172.2,172.3,372,957
840111,172.05,172.85,171.8,172.2,224,935
840112,172.3,172.95,171.7,171.75,132,920
840113,172.7,172.9,170.5,171.35,507,1055
840116,171.45,172.1,171.05,171.75,239,1024
840117,171.45,172.65,171.4,172.6,106,1039
840118,172.5,172.85,171.15,172.05,365,1046
840119,172.2,172.2,171,171.35,130,1049
840120,171.05,171.15,169.9,170.15,241,1079
840123,170.1,170.1,169,169.05,368,1100
840124,169.45,170.35,169.3,169.85,420,1155
840125,169.8,170.7,168.35,168.85,495,1212
840126,168.9,169.5,168.15,168.25,642,1279
840127,168.55,168.7,167.45,168.45,571,1390
840130,169,169.05,166.9,167.4,771,1372
840131,167.65,168.2,166.9,167.65,687,1478
840201,167.8,168.1,166.85,167.3,623,1491
840202,167.6,168.1,166.85,167.85,514,1524
840203,167.95,168.1,163.95,164.2,1212,1988
840206,163.7,163.8,161.8,161.9,1721,2199
840207,162.1,163.1,161.15,162.35,1215,2280
840208,162.3,162.6,158.2,158.5,1678,2492
840209,158,159.75,157.05,158.7,2585,3084
840210,158.5,159.4,158.4,158.8,1611,3462
840213,158.7,158.85,156.2,157.6,1927,3552
840214,158.35,159.75,157.85,159.6,1372,3708
840215,160,160.5,158.6,158.8,2611,4196
840216,158.7,159.45,158,159.3,2110,4479
840217,159,159.75,158.4,158.8,1035,4455
840221,159,159.2,157.55,157.8,1981,4716
840222,158,158.75,157.15,157.4,1812,4783
840223,156.95,158.05,155,157.85,4515,5767
840224,158.45,161.55,158.1,161.45,3666,6136
840227,160.95,163.35,160.4,161.9,3796,6106
840228,161.6,161.6,159.35,159.5,5186,7068
840229,160,161.5,158.9,159.3,5124,7293
840301,158.9,161.05,158.65,160.75,4786,7861
840302,161.5,162.85,161.25,161.6,6107,7616
840305,160.8,161.4,160,160.55,5234,8255
840306,160.8,161.2,158.3,158.35,7436,9451
840307,156.6,157.6,156.05,157.1,7855,10181
840308,156.9,158.85,156.7,157.9,10524,11261
840309,157.4,157.8,156.2,157.1,7612,12162
840312,157.45,159.35,157.35,159.2,35865,16145
840313,159.4,160.85,158.8,159.15,51476,19385
840314,158.7,160.3,158.3,159.55,55620,23498
840315,159.45,161.1,159.45,160.7,47834,26472
840316,161.7,162.75,160.9,161.3,36260,26201
840319,160.65,160.65,159.45,160.3,34127,25533
840320,160.8,161.75,159.9,160.8,38593,25340
840321,161.1,161.4,160.2,160.45,35323,25263
840322,159.9,160.05,158.75,159.1,34677,25530
840323,159.4,159.5,158.1,158.95,31213,25252
840326,159.45,159.9,158.65,159.05,26746,25548
840327,159.4,159.9,158.85,159.85,30941,25671
840328,159.95,162.35,159.75,162.1,41160,26438
840329,162.2,162.6,160.75,160.8,34443,25710
840330,161,161.4,160.55,161.05,26520,26697
840402,161.55,161.85,159.15,160,37542,26574
840403,159.7,160.4,158.75,160.15,43320,26274
840404,160.15,160.6,159.3,159.6,37592,25893
840405,159.9,160.2,156.3,156.45,52273,27344
840406,157,157.5,155.6,157.45,45319,29128
840409,157.75,158,156.4,157.6,45140,29861
840410,157.35,158.6,157.25,157.8,43146,29657
840411,157.95,158.1,156.3,156.35,39850,28362
840412,156.7,160.2,155.3,159.7,61493,30337
840413,159.2,160.85,158.15,158.8,55112,27389
840416,158.35,160.5,157.9,160.4,42000,27267
840417,160.45,161.45,159.75,160.3,44222,27640
840418,159.9,160.3,158.5,159.1,43139,27779
840419,158.45,159.85,158.4,159.2,29679,27244
840423,159.8,159.95,157.75,157.95,38533,27286
840424,157.75,160.7,157.55,159.35,52692,28821
840425,159.4,160.4,158.85,160.1,41217,28722
840426,160.4,161.6,160.1,161.15,41993,30325
840427,159.85,161.75,159.85,160.9,36668,29420
840430,160.7,161.65,160.2,161.4,42258,31249
840501,161.6,162.9,161.6,162.7,57958,31303
840502,162.4,163.25,162.2,162.4,47059,28678
840503,162.65,162.65,161.6,161.95,37473,28701
840504,161.4,161.85,159,159.15,48838,25760
840507,159.25,160.3,158.95,160.15,41319,25735
840508,160.3,161.4,159.65,161.3,46092,24119
840509,161.1,161.95,159.5,160.3,57049,25654
840510,160.6,161.3,159.6,160.35,51233,25651
840511,159.8,159.95,157.45,159.35,51785,25979
840514,158.95,159,158,158.35,38167,26799
840515,158.35,159.2,158.2,158.55,40618,26057
840516,158.6,159.45,158,158.55,42945,25969
840517,158.15,158.3,156.5,157.05,46999,26463
840518,157.5,157.65,155.6,156.2,39750,28851
840521,156.6,156.85,155.35,155.65,44812,25820
840522,155.4,155.4,153.8,154.65,51753,25287
840523,154.8,155.2,153.5,153.55,42943,24576
840524,153.35,153.8,151.2,151.75,50186,24530
840525,151.75,152.55,151.2,151.85,34732,25662
840529,151.75,152.2,150,150.5,42068,24378
840530,150.15,152.5,148.9,150.75,60611,25442
840531,151.1,151.8,149.95,150.8,45085,24937
840601,151.8,153.4,151.4,153.3,42593,23334
840604,153.8,155.1,153.8,154.45,45486,24051
840605,154,154.5,153.4,154.45,38669,24013
840606,154.4,155.3,153.7,155,41640,22909
840607,154.4,155.45,154.2,155.15,34300,23647
840608,154.95,155.6,154.45,155.2,23604,22554
840611,154.8,154.9,152.35,152.45,34190,20491
840612,152.95,152.95,151.75,152.35,11731,18314
840613,152.95,153.05,152,152.1,10538,15134
840614,152.15,152.2,150.15,150.3,7198,14226
840615,150.65,150.75,149.03,149.03,7703,13863
