840402,170.45,170.45,170.45,170.45,0,5
840403,169.45,169.45,169.45,169.45,0,5
840404,169.55,169.55,169.55,169.55,0,5
840405,169.1,169.1,169.1,169.1,0,5
840406,165.8,165.8,165.8,165.8,0,5
840409,166.85,166.85,166.85,166.85,0,5
840410,167,167,167,167,0,5
840411,167.3,167.3,167.3,167.3,0,5
840412,165.8,165.8,165.8,165.8,0,5
840413,169.45,169.45,169.45,169.45,0,5
840416,168.3,168.3,168.3,168.3,0,5
840417,169.95,169.95,168.2,169.95,0,5
840418,170,170,170,170,0,5
840419,168.75,168.75,168.75,168.75,0,5
840423,169.1,169.1,169.1,169.1,0,5
840424,167.7,167.7,167.7,167.7,0,5
840425,169.15,169.15,169.15,169.15,0,5
840426,169.7,169.7,169.7,169.7,0,5
840427,171,171,171,171,0,5
840430,171.55,171.55,171.55,171.55,0,5
840501,171.55,171.55,171.55,171.55,0,5
840502,172.95,172.95,172.95,172.95,0,5
840503,172.65,172.65,172.65,172.65,0,5
840504,172.7,172.7,172.7,172.7,0,5
840507,169.4,169.4,169.4,169.4,0,5
840508,170.4,170.4,170.4,170.4,0,5
840509,171.75,171.75,171.75,171.75,0,5
840510,170.7,170.7,170.7,170.7,0,5
840511,171,171,171,171,10,15
840514,170.5,170.9,168.3,170.9,0,15
840515,170.5,170.5,170.5,170.5,6,11
840516,170.5,171.8,170.45,170.8,0,11
840517,169.6,169.6,169.6,169.6,0,11
840518,168.65,168.65,168.65,168.65,0,11
840521,168.1,168.1,168.1,168.1,0,11
840522,167,167.15,166.6,167.15,1,12
840523,166.05,166.05,166.05,166.05,0,12
840524,164.2,164.2,164.2,164.2,0,12
840525,164.35,164.35,164.35,164.35,0,12
840529,162.95,162.95,162.95,162.95,0,12
840530,163.1,163.1,163.1,163.1,0,12
840531,163.2,163.2,163.2,163.2,0,12
840601,165.8,165.8,165.2,165.75,1,12
840604,166.5,167.3,166.5,166.85,0,12
840605,165.8,167.05,165.8,167.05,4,15
840606,167.2,167.2,167.2,167.2,0,15
840607,167.2,167.2,167.2,167.2,0,15
840608,167.3,167.3,167.3,167.3,0,15
840611,164.4,164.4,164.4,164.4,0,15
840612,164.45,164.45,164.45,164.45,0,15
840613,164.25,164.25,164.25,164.25,0,15
840614,162.7,162.7,162.7,162.7,0,15
840615,162.3,163,162.2,162.3,1,16
840618,164.95,164.95,164.95,164.95,0,16
840619,165,165,165,165,0,16
840620,165,168.5,163.4,167.55,5,16
840621,167.6,167.95,166.85,166.85,3,16
840622,166.8,166.8,166.8,166.8,0,16
840625,167.9,167.9,166.15,166.15,6,16
840626,165.6,166.6,165,165.65,8,8
840627,165,165,165,165,0,8
840628,166.3,166.3,166.3,166.3,0,8
840629,165.65,165.65,165.65,165.65,0,8
840702,166.4,166.4,166.4,166.4,0,8
840703,167.2,167.2,167.2,167.2,0,8
840705,166.05,166.05,166.05,166.05,0,8
840706,166.15,166.15,166.15,166.15,0,8
840709,167.7,167.7,165.2,167.7,2,10
840710,167,167,167,167,0,10
840711,163.65,163.65,163.65,163.65,0,10
840712,163.75,164.3,162.5,162.7,2,10
840713,163.55,163.55,163.55,163.55,0,10
840716,163,164.7,162.25,164.7,5,10
840717,164.85,164.85,164.85,164.85,0,10
840718,163.95,163.95,163.95,163.95,0,10
840719,162.95,162.95,162.95,162.95,0,10
840720,161.6,163.25,161,161.65,1,5
840723,160.6,160.6,160.6,160.6,0,5
840724,158.1,158.1,158.1,158.1,0,5
840725,160,161.2,160,160,4,7
840726,160.5,161.9,160.5,161.2,1,6
840727,162.5,162.5,162.5,162.5,0,4
840730,161,161,161,161,0,4
840731,162.4,162.4,162.4,162.4,0,4
840801,164.8,164.8,164.8,164.8,0,4
840802,169.2,169.2,169.2,169.2,0,4
840803,170,175.5,170,175.25,9,8
840806,174.9,178,173.7,174.6,1,9
840807,175.75,175.75,175.75,175.75,0,9
840808,174.3,174.3,174.3,174.3,0,9
840809,177.2,178.7,173.95,178.7,4,7
840810,177.5,177.5,177.5,177.5,0,7
840813,178.1,178.1,178.1,178.1,0,7
840814,177.45,177.45,177.45,177.45,0,7
840815,175.75,175.75,175.75,175.75,0,7
840816,177.85,177.85,177.85,177.85,0,7
840817,177.85,177.85,177.85,177.85,0,7
840820,176.9,178,176.7,177.9,1,8
840821,181.05,181.75,180.05,181.75,0,8
840822,182.05,182.4,179.5,179.75,1,9
840823,180.2,180.2,180.2,180.2,0,9
840824,181,181,181,181,0,9
840827,179.6,179.6,178.2,179.4,5,4
840828,180,180.3,179,180.3,1,5
840829,179.75,179.75,179.75,179.75,0,5
840830,179.6,180,178.7,179,2,7
840831,178.1,178.6,178.1,178.45,2,9
840904,176.95,176.95,176.95,176.95,0,9
840905,176.6,176.6,176.6,176.6,0,9
840906,178,179.1,177.8,178.3,1,8
840907,176.8,179.5,175.8,175.8,2,10
840910,175.3,178.1,175,177.35,1,11
840911,176,176,176,176,0,11
840912,177.45,177.45,177.45,177.45,0,11
840913,180,181.8,176.95,181.8,1,12
840914,183.2,183.7,181.3,182.1,0,12
840917,183,183,183,183,1,13
840918,182.55,182.55,182.55,182.55,0,13
840919,180.1,180.1,180.1,180.1,0,13
840920,180.95,180.95,180.95,180.95,0,13
840921,182,182.5,178.7,178.85,1,14
840924,178.05,179.75,177.8,178.9,25,30
840925,179.2,179.2,179.2,179.2,3,27
840926,179.9,179.9,179.9,179.9,0,18
840927,180.3,180.9,180.3,180.9,4,22
840928,179.8,179.8,178.9,179.35,1,22
841001,177.7,177.7,177.7,177.7,0,22
841002,175.9,175.9,175.9,175.9,0,22
841003,175.8,176.6,175.1,175.35,4,23
841004,175.7,175.7,175.7,175.7,0,23
841005,175.05,175.05,175.05,175.05,0,23
841008,175,175,175,175,0,23
841009,175,175.7,173.1,173.1,1,24
841010,172.75,174.1,171.3,174.05,6,30
841011,174,174.95,173.45,174.95,3,32
841012,175,176.6,175,176.25,1,33
841015,175.6,178.3,175.6,178.05,7,38
841016,177.55,177.55,177.55,177.55,0,38
841017,176.85,176.85,176.85,176.85,0,38
841018,182.4,182.4,176.45,182.2,1,39
841019,182,183.7,179.7,181.2,1,40
841022,181.4,182,180.6,181.1,3,41
841023,181.6,181.6,181.6,181.6,0,41
841024,181.15,181.15,181.15,181.15,0,41
841025,178.55,178.55,178.55,178.55,0,41
841026,177.7,177.7,177.7,177.7,0,41
841029,178.1,178.1,176.9,177.2,1,41
841030,179.1,179.1,179.1,179.1,0,41
841031,178.2,178.2,178.2,178.2,1,42
841101,180.4,180.4,180.4,180.4,0,42
841102,179.5,179.5,179.5,179.5,0,42
841105,180.55,180.55,180.55,180.55,0,42
841106,181.3,183,180.9,183,12,33
841107,179.3,181.3,179.3,179.45,1,33
841108,179.55,179.55,179.55,179.55,0,33
841109,178.05,178.05,178.05,178.05,0,32
841112,178.75,179,177.65,178.75,0,32
841113,176.5,176.5,176.5,176.5,0,32
841114,176.7,176.7,176.7,176.7,0,32
841115,176.8,176.8,176.8,176.8,0,35
841116,174.75,174.75,174.75,174.75,0,35
841119,174,174.95,173.2,173.35,7,32
841120,174.25,175,173.85,174.65,1,31
841121,177.25,177.25,177.25,177.25,0,31
841123,177.7,179,177.7,178.6,4,35
841126,178.6,178.7,176.3,176.65,1,34
841127,177.95,177.95,177.95,177.95,0,34
841128,175.8,178.4,175.3,175.45,1,33
841129,174.6,175,174.3,174.3,1,32
841130,174,174,174,174,0,32
841203,173.5,174.3,172.8,173.6,5,34
841204,173.6,174.4,173.6,173.7,1,34
841205,172.15,172.15,172.15,172.15,0,32
841206,173,174,173,173.4,1,31
841207,173.8,174.3,172.3,172.3,9,26
841210,172.95,173.6,171.5,173,6,25
841211,173.5,173.7,172.65,173.25,13,23
841212,172.9,173.45,172.75,172.9,2,22
841213,172.5,173.4,170.8,170.8,1,21
841214,173.45,174.45,172.8,172.8,1,22
841217,172.5,174.1,172.2,174.1,0,22
841218,175.5,178.7,175.5,178.65,23,36
841219,178.3,179.8,176.9,177.8,5,41
841220,176.65,176.65,176.65,176.65,3,41
841221,176.55,177.05,175.3,177.05,10,35
841224,176.5,177.8,176.5,177.55,9,42
841226,176.7,176.9,176.35,176.65,1,48
841227,176,177,175.6,175.8,2,50
841228,175.95,176.6,175.6,176.4,5,51
841231,176.7,176.7,175.7,175.7,18,61
850102,175.5,175.6,174.2,174.3,3,61
850103,174.7,176,173,173,3,62
850104,173,173.2,172.1,172.4,7,58
850107,174,174,172.95,173,4,57
850108,172.85,172.85,172.85,172.85,0,57
850109,174.7,174.7,174.7,174.7,0,55
850110,174.2,178.2,174.2,177.8,3,57
850111,176.95,176.95,176.95,176.95,0,56
850114,179.65,179.65,179.65,179.65,0,56
850115,180.1,180.4,178.8,179.1,6,58
850116,179.5,180.2,178.35,179.45,10,58
850117,180,180,178.4,178.7,5,59
850118,178.65,179.8,178.6,179.6,7,62
850121,179.55,184.1,179.55,184.05,65,76
850122,185.1,185.4,183.25,183.25,14,86
850123,184,185.8,183.4,185.65,58,77
850124,185.7,186.3,184.5,185.05,82,94
850125,184.95,185.95,184.8,185.05,45,79
850128,184.8,186.1,183.7,184.7,23,84
850129,184.5,188,184,188,17,95
850130,187.9,188,186.5,186.6,47,79
850131,186.2,187.15,186,186.65,27,70
850201,186,186.35,185.65,185.7,11,70
850204,185.6,188.45,185.4,187.85,40,82
850205,188.25,189,186.9,187.2,79,121
850206,187.6,188.45,186.8,187.05,22,114
850207,187.5,189.55,187.5,189.5,58,142
850208,189.3,189.9,188.85,189.5,82,180
850211,189.4,189.55,186.9,187.25,45,159
850212,186.85,188,186.55,187.85,31,161
850213,188.15,191.8,187.75,190.65,25,163
850214,190.95,191.2,189,189.1,40,145
850215,189.25,189.9,187.5,188.25,56,148
850219,188.3,188.8,188.15,188.4,11,155
850220,187.6,189.6,187.35,187.4,22,159
850221,187.15,187.85,186.5,186.9,154,192
850222,187,187.6,185.7,186.75,17,195
850225,186.3,188,185.8,188,38,203
850226,187.5,190.4,187.5,189.85,45,223
850227,189.3,190.15,188.2,188.4,43,209
850228,188.3,189.8,188.2,189.8,15,217
850301,190.3,192.7,190.3,191.5,124,272
850304,191.95,191.95,189.6,189.7,40,274
850305,190.3,191.35,189.6,190.45,34,234
850306,190.3,190.5,188.2,188.35,85,212
850307,187.8,188.9,187.25,187.35,78,251
850308,187.9,188.4,186.9,187.05,76,256
850311,187.1,187.75,186.1,187.15,128,269
850312,187,188.8,186.95,188.25,63,277
850313,187.7,188.45,185.8,186.1,215,336
850314,185.75,186.6,185.3,185.55,362,488
850315,185.2,186.55,184.75,185,151,515
850318,184.9,185.4,183.35,183.7,412,642
850319,184,187.5,183.6,187.3,456,647
850320,187.25,187.5,185.5,186.8,358,693
850321,186.3,188,186.15,186.75,215,606
850322,187.2,187.2,185.5,185.8,299,689
850325,185.8,185.8,184.65,185.05,165,682
850326,185.25,186.5,184.9,185.75,208,687
850327,185.45,187.3,185.4,186.6,170,674
850328,186.9,187.65,186.05,186.25,323,770
850329,186.8,187,186.15,186.85,201,828
850401,187.1,187.7,186.6,187.65,263,888
850402,187.6,188.45,186.15,186.4,273,916
850403,186.25,186.65,184.25,184.7,400,1065
850404,184.6,185.25,183.95,185.05,290,998
850408,185.45,185.55,183.3,183.4,372,1078
850409,184.1,184.75,183.5,184,472,1201
850410,184.55,186.1,184.55,185.55,514,1318
850411,186.2,186.85,185.45,185.85,285,1353
850412,185.85,186.3,185.3,186.3,130,1367
850415,186.25,186.75,185.5,186,318,1418
850416,185.8,187.65,184.7,186.65,633,1627
850417,186.6,187,185.95,186.45,368,1604
850418,187.35,187.35,185.25,185.35,543,1674
850419,185.2,185.9,184.95,185.4,353,1689
850422,185.65,185.8,184.8,185.5,186,1713
850423,185.05,187.1,185,186.9,1827,2322
850424,187.15,187.35,185.95,186.5,659,2460
850425,186.2,187.9,186.15,187.45,841,2622
850426,187.55,187.65,186.15,186.2,582,2789
850429,185.8,186.1,184,184.05,607,2881
850430,184.1,184.3,182.9,184.05,1220,3072
850501,184.1,184.1,182.25,182.4,1036,3262
850502,182.5,183.15,182.2,182.75,681,3324
850503,183.1,184.05,182.65,183.9,744,3269
850506,184.15,184.55,183.6,183.95,911,3587
850507,184.2,185.55,184.05,184.8,862,3812
850508,184.4,185.2,183.85,185,828,3910
850509,185.1,186.55,185.1,186,871,4151
850510,186.5,189.6,186.45,189.25,2171,4733
850513,189.4,189.5,188.7,189.15,1382,5251
850514,189.95,190.1,188.05,188.35,3316,6764
850515,188.35,190.3,188.1,189.2,4508,8962
850516,189.55,191,189.4,190.9,2920,10094
850517,190.35,192.55,190.15,191.75,4286,12165
850520,193.9,194.55,193.25,194.1,4699,13461
850521,194.1,194.35,193.4,193.5,4334,14731
850522,193.35,193.35,192.2,192.9,3113,14985
850523,192.65,193.1,192.05,192.25,1920,15107
850524,192.55,193.05,192.35,192.85,2755,16265
850528,193.65,193.8,191.35,191.95,5491,17564
850529,191.65,192.3,191.35,192.2,4966,19324
850530,192.05,192.5,191.1,192.05,4718,20835
850531,192,194.05,191.7,193.15,6190,22653
850603,194.4,194.5,192.85,193.8,8294,24653
850604,193.7,194.3,193.3,194.05,7506,26584
850605,194.55,194.9,193.4,193.65,8277,29081
850606,193.5,195.6,193.2,195.4,10914,32374
850607,195.1,195.6,193.3,193.35,11080,34113
850610,192.7,193.75,192.3,193.55,10482,35953
850611,193.5,193.7,192.6,193,8929,37619
850612,193,193.05,191.3,191.5,10604,39025
850613,190.6,191.15,188.9,189.25,52020,43503
850614,189.95,190.7,189.1,190.55,43312,44267
850617,190.25,190.4,189.5,190,38083,46579
850618,190.5,191.4,190.2,190.6,54789,50367
850619,190.6,191.2,189.5,189.7,53196,52749
850620,189.55,190.5,188.55,190.4,53332,52519
850621,190,191.8,189.7,190.85,65684,56587
850624,191,192.1,190.45,191.8,45657,57691
850625,192.05,193.85,191.6,191.9,66821,58254
850626,192.15,193.4,192.05,193,51533,58299
850627,193.45,194.25,192.65,193.95,51556,57485
850628,194.1,194.35,193.4,193.65,38643,57560
850701,194,195,192.8,194.5,45823,57654
850702,194.5,195.05,193.8,194.2,48695,57579
850703,194.5,194.6,193.5,193.6,25625,56548
850705,194.3,195.5,194.2,194.85,28108,58036
850708,194.3,194.65,192.85,193.5,45795,58515
850709,193.2,193.75,192.3,192.85,49409,59883
850710,193,194.3,192.5,194.1,51966,59902
850711,194,194.85,193.6,194.2,49400,59306
850712,194,195.15,193.65,194.6,44833,61959
850715,194.4,195.6,193.7,194.05,49493,59368
850716,194.2,196.9,194.2,196.85,65690,62982
850717,197.35,198,196.95,197.6,61625,63943
850718,196.9,197.45,196.1,196.85,50161,63572
850719,196.5,197.3,196.3,196.45,36572,64818
850722,196.2,196.35,194.25,195.45,53396,62947
850723,195.7,196.5,193.3,193.55,66314,62057
850724,193.65,193.75,191.6,191.9,72783,58708
850725,192.3,193,191.95,192.8,53067,58266
850726,192.7,193.45,192.3,192.85,43110,57018
850729,192.5,192.55,189.7,189.75,61468,59201
850730,189.85,191.05,189.6,190.45,50224,57833
850731,190.7,191.65,190.6,191.35,46224,57988
850801,191.8,193.3,191.7,193.1,51895,57427
850802,192.8,192.8,191.75,191.85,29248,57493
850805,191.8,191.8,190.25,191.5,46486,58368
850806,191.75,191.8,187.8,187.9,67783,62990
850807,187.65,188.75,187.65,188.2,49952,63086
850808,188.55,189.45,188.25,189.1,49573,60242
850809,189.4,189.5,188.45,188.7,37902,59969
850812,188.6,189.55,187.75,188.25,53592,60556
850813,188,189.45,186.85,188.25,68835,59084
850814,188.75,189,187.9,188.2,48717,57325
850815,188.2,188.65,187,187.55,57217,57242
850816,187.45,187.7,186.45,186.75,43124,56837
850819,186.85,187.8,186.7,187.4,36099,55906
850820,188,189.5,187.8,189.35,51792,52352
850821,189.5,190.3,189,189.75,46795,52213
850822,190.05,190.1,187.55,187.9,56494,52474
850823,187.8,187.9,186.85,187.4,36782,51592
850826,186.8,188.15,186.3,188.05,44294,50228
850827,188.3,188.65,187.8,188.35,36745,50120
850828,188.2,188.7,187.85,188.45,35455,49369
850829,188.5,188.8,188.15,188.75,28005,48703
850830,188.55,188.9,187.55,187.9,33120,47077
850903,188.2,188.2,186.95,187.7,36222,45562
850904,187.8,187.9,186.6,187.3,49429,47023
850905,187.2,187.9,186.55,187.75,52146,49833
850906,187.95,189.1,187.8,188.5,41309,47302
850909,188.7,189.4,187.9,188.2,46687,43357
850910,188.35,188.4,186.05,186.3,55465,41434
850911,186.2,186.2,184.55,184.6,49889,37996
850912,184.65,185.4,183.2,183.4,18187,34184
850913,183.4,183.95,181.55,182.35,17253,29472
850916,182.5,183.1,182.1,183.1,8473,27941
850917,183.1,183.25,180.3,180.7,9868,25042
850918,180.9,181.9,180.4,181.55,9093,22209
850919,181.3,183.5,181.2,183.2,9935,20522
850920,183.1,184,181.8,182.05,12032,17177
