850318,191.35,191.8,190.1,190.45,0,0
850319,194.05,194.05,194.05,194.05,5,5
850320,193.6,193.6,193.6,193.6,0,5
850321,193.55,193.55,193.55,193.55,0,5
850322,192.4,192.4,192.4,192.4,0,5
850325,191.65,191.65,191.65,191.65,0,5
850326,192.35,192.35,192.35,192.35,0,5
850327,193.2,193.2,193.2,193.2,0,5
850328,192.85,192.85,192.85,192.85,0,5
850329,193.5,193.5,193.5,193.5,0,5
850401,194.35,194.35,194.35,194.35,0,5
850402,193.15,193.15,193.15,193.15,0,5
850403,191.45,191.45,191.45,191.45,0,5
850404,191.8,191.8,191.8,191.8,0,5
850408,190.1,190.1,190.1,190.1,0,5
850409,190.75,190.75,190.75,190.75,0,5
850410,192.35,192.35,192.35,192.35,0,5
850411,192.55,192.55,192.55,192.55,0,5
850412,192.1,193.1,192.1,193.1,0,5
850415,192.7,192.7,192.7,192.7,1,5
850416,192.3,194.3,191.6,193.4,1,5
850417,193.15,193.15,193.15,193.15,0,5
850418,193.75,193.75,192,192,4,5
850419,192,192.3,191.85,192.05,4,8
850422,191.8,192.25,191.7,192.15,0,8
850423,193.35,193.35,193.35,193.35,0,8
850424,192.95,192.95,192.95,192.95,0,8
850425,193.9,193.9,193.9,193.9,0,8
850426,193.85,194,192.7,192.7,2,8
850429,190.5,190.5,190.5,190.5,0,8
850430,190.5,190.5,190.5,190.5,0,8
850501,188.8,188.8,188.8,188.8,0,8
850502,189.15,189.15,189.15,189.15,0,8
850503,190.35,190.35,190.35,190.35,0,8
850506,190.6,191,190.2,190.4,2,8
850507,191.25,191.25,191.25,191.25,0,8
850508,191.45,191.45,191.45,191.45,0,8
850509,191.95,192.9,191.95,192.5,4,12
850510,195.75,195.75,195.75,195.75,0,12
850513,195.7,195.7,195.7,195.7,0,12
850514,196,196.4,194.9,195,14,20
850515,196.5,196.8,194.9,195.85,1,21
850516,196.75,197.8,196.55,197.8,0,21
850517,198,199.35,197.4,198.65,30,21
850520,200.7,201.65,200.7,201,1,22
850521,200.75,200.75,199.9,200,80,99
850522,199.4,199.4,199.4,199.4,10,104
850523,199,199.6,198.7,198.7,1,103
850524,199.3,199.3,199.3,199.3,0,103
850528,198.7,200.15,198.15,198.6,0,103
850529,198.2,198.65,198.15,198.65,10,104
850530,198.75,198.75,198.75,198.75,0,99
850531,199.8,199.8,199.8,199.8,0,99
850603,201,201,199.5,200.45,4,99
850604,200.1,200.9,200.1,200.85,9,108
850605,201.3,201.4,200.4,200.45,10,109
850606,201.8,202.25,200.1,202.25,2,110
850607,202,202.2,200.2,200.7,2,112
850610,200,200.85,199.75,200.85,2,113
850611,200.35,200.6,199.8,200.2,1,113
850612,199.9,199.9,198.4,198.6,5,114
850613,196.3,196.3,196.3,196.3,0,114
850614,196.95,197.5,196.1,197.5,32,113
850617,196.65,197,196.2,197,7,119
850618,197.4,197.4,197.4,197.4,6,113
850619,197,197.7,196,196.45,3,115
850620,195.3,197,195,197,2,115
850621,198.3,198.4,196.4,197.5,1,114
850624,197,198.5,196.9,198.5,12,119
850625,199.8,200.1,198,198.3,0,119
850626,198.7,199.4,198.65,199.4,23,119
850627,199.55,200.25,199,200.15,7,123
850628,200.4,200.4,199.7,199.75,7,122
850701,199.5,200.75,199,200.5,16,127
850702,200.15,201.1,199.8,200.15,70,171
850703,200.5,200.5,199.5,199.5,10,168
850705,200.4,201.35,200.3,200.8,7,170
850708,200.3,200.4,199,199.45,26,167
850709,199.3,199.6,198.3,198.9,11,154
850710,199,200.3,198.5,200.2,31,166
850711,200.2,200.7,199.65,200.25,3,167
850712,200.35,201,200,200.6,4,167
850715,200.35,201.4,199.8,199.95,7,171
850716,200.25,203,200.2,202.7,5,170
850717,203.5,203.75,203,203.5,27,173
850718,202.8,203,202,202.6,24,174
850719,202.15,202.9,202.15,202.35,12,179
850722,201.9,201.9,199.95,201.25,23,189
850723,201.5,202,199,199.1,14,193
850724,199,199.2,197.4,197.65,31,181
850725,198.3,198.6,197.8,198.55,18,189
850726,198.2,199,197.9,198.6,49,206
850729,196.2,196.2,195.3,195.3,39,201
850730,195.35,196.4,195.1,196.05,63,206
850731,196.1,197,196.1,196.6,15,206
850801,197.35,198.5,197.1,198.5,14,207
850802,198,198.05,197.15,197.35,29,210
850805,197.1,197.1,195.6,196.85,23,213
850806,197,197,193.45,193.45,45,222
850807,193.2,194,193,193.6,148,215
850808,193.95,194.65,193.7,194.45,15,221
850809,194,194.75,193.8,194.1,44,215
850812,193.9,195,193.2,193.65,10,219
850813,194.2,194.75,192.25,193.8,4,220
850814,194,194.4,193.4,193.55,1,219
850815,193.6,193.75,192.4,192.9,34,244
850816,192.5,193,191.8,192.1,12,240
850819,192.1,193,192.1,192.7,19,235
850820,193.4,195,193.25,194.85,10,236
850821,194.5,195.65,194.4,195.25,29,235
850822,195.5,195.5,193,193.3,27,238
850823,193.3,193.3,192.05,192.65,25,237
850826,192,193.4,191.65,193.4,23,240
850827,193.7,193.9,193.2,193.7,63,221
850828,193.7,193.9,193.2,193.75,12,221
850829,193.8,193.85,193.5,193.85,23,208
850830,193.75,193.8,192.3,192.3,39,214
850903,192.3,192.45,191.4,191.95,42,207
850904,192,192.1,190.4,191,52,203
850905,190.85,191.65,190.5,191.6,100,240
850906,192.3,193.5,192.3,192.7,105,274
850909,192.8,193.6,192,192.4,66,295
850910,192.4,192.45,189.9,190.1,69,292
850911,190.1,190.1,188.2,188.3,187,286
850912,188.1,189.25,187.1,187.3,186,322
850913,187.4,187.8,185.3,186.3,318,366
850916,186.35,186.85,185.9,186.85,98,365
850917,186.8,187,183.65,183.8,193,435
850918,183.9,185.1,183.55,184.7,387,438
850919,184.7,186.8,184.45,186.65,364,353
850920,186.65,187.3,185.6,185.75,194,402
850923,187,188.55,186.9,187.8,210,411
850924,187.45,187.6,185.4,186.1,364,490
850925,185.9,185.95,183,183,486,634
850926,182.85,184.5,182.3,184.5,1163,959
850927,184.35,184.45,183.95,184.3,352,941
850930,184.6,185.25,183.5,184.6,425,1017
851001,184.55,188.25,184.5,188.1,2402,2186
851002,188.2,188.6,185.7,185.85,794,2215
851003,186,187.45,185.4,186.3,658,2271
851004,185.6,185.6,184.25,184.75,268,2288
851007,184.2,185.3,183.7,184.7,319,2256
851008,184.7,185.1,183.75,184.45,231,2237
851009,184.6,186.05,184.45,184.7,672,2488
851010,184.8,185.05,184,184.85,848,2772
851011,184.95,187.3,184.3,187.2,1121,3076
851014,186.85,189.1,186.7,188.7,1178,3451
851015,188.9,189.15,187.3,188.15,929,3581
851016,188.3,189.9,187.85,189.65,609,3627
851017,189.45,190.45,188.75,189.1,1005,3762
851018,189.3,189.45,187.9,188.3,947,3921
851021,188.1,189,187.8,188.4,779,4141
851022,188.45,190.6,188.4,189.6,602,4187
851023,189.45,190.85,189.45,190.85,748,4173
851024,190.45,191.1,189.55,189.7,664,4247
851025,189.25,189.5,188.55,189.05,506,4342
851028,188.7,189.9,188.4,189.75,541,4418
851029,189.95,192.1,189.8,191.1,588,4486
851030,191.95,192.1,190.95,191.75,1107,4598
851031,191.2,191.6,190.15,190.9,939,4778
851101,191,193.25,190.8,193,1739,4671
851104,192.75,193.55,192.1,192.95,1892,4953
851105,193.05,193.9,192.7,193.7,1440,5369
851106,193.9,194.25,192.85,193.85,1612,5791
851107,193.6,194.25,193.4,194,1103,5970
851108,193.95,196.3,193.85,195.6,1292,6396
851111,195.4,199.8,195.35,199.7,2229,6947
851112,199.95,201.75,199.3,200.75,6160,8975
851113,200.5,201,199.25,199.95,2435,8774
851114,199.65,202.5,199.6,201.75,2792,9243
851115,201.2,202.85,200.4,200.95,3179,9973
851118,201.15,201.65,200.05,201.45,2569,10397
851119,202,202.35,200.1,201.35,2968,11205
851120,201.5,202.5,200.9,201.65,2523,11837
851121,202.25,204.5,202.15,204.1,4115,12999
851122,203.95,205.1,203.55,203.65,3968,13856
851125,203.3,203.5,202.5,203.25,3570,15286
851126,203.5,204.25,203,203.55,4323,17212
851127,203.5,206.2,203.35,206.15,4173,18562
851129,206.5,206.9,204.3,204.8,6864,20052
851202,204.5,204.85,202.65,203,4826,20778
851203,202.9,203.9,202.65,203.85,3837,21205
851204,204.05,207.6,203.75,207.35,9349,22754
851205,208.5,209.55,206.8,207.05,17197,26942
851206,206.65,207,205.7,207,10167,29604
851209,207.4,208.55,206.55,207.65,11663,32123
851210,208.3,209.05,207.25,207.85,13040,34391
851211,208.3,210.6,208.05,209.95,17475,37291
851212,209.15,210.45,208.2,210.15,52351,41331
851213,210.45,213.8,210.4,213.4,83827,45907
851216,213.55,216.8,213.05,215.15,91570,53176
851217,216.15,216.5,213.55,213.7,85046,55701
851218,213.25,214.85,212.05,212.75,62276,55407
851219,212.7,213.6,212.15,212.85,52870,56627
851220,212.9,215.25,212.9,213.7,65833,59748
851223,213.55,213.75,210.3,210.45,47316,59594
851224,210.85,210.85,208.6,209.25,29214,58726
851226,209.85,210.5,209.35,210.05,22318,59813
851227,210.75,212.25,210.75,212.2,28098,59963
851230,212.5,213.55,210.85,213.45,32499,60542
851231,213.4,214.3,212.35,212.45,33283,60507
860102,211.7,212.05,210.3,211.55,49532,59949
860103,211.75,213.45,211.6,212.95,47215,60950
860106,213.5,213.85,211.3,213.25,52107,61128
860107,214.3,216.3,214.05,216.05,68838,61048
860108,216.25,216.6,206.3,208.25,110871,62675
860109,206.5,208,204.9,206.85,96753,55988
860110,207.15,208.05,205.8,206.35,61741,56678
860113,205.7,207.7,205.35,207.4,67733,58608
860114,207.9,208.1,206.4,207.2,58734,58554
860115,207.3,209.4,206.85,208.95,66984,58330
860116,208.4,209.8,207.4,209.75,64246,57657
860117,209.85,210.1,207.35,208.1,57797,56840
860120,207.25,208.4,206.4,208.35,50285,56016
860121,208.05,208.25,204.6,205.55,73581,54578
860122,204.9,206.25,202.75,202.8,69428,54717
860123,203.15,204.85,202.6,204.65,61240,55488
860124,204.75,207.25,204.2,206.8,55824,55448
860127,207.15,208.7,206.65,207.8,53318,54610
860128,208,212.2,207.25,212.05,74640,55284
860129,211.45,213.7,210.25,211.45,87434,56397
860130,211.4,212.2,209,210.3,63645,56410
860131,210.05,214,210.05,213.05,73401,58095
860203,213.5,215.75,212,215.55,74825,58104
860204,216.05,216.45,211.5,213.7,103631,60203
860205,213.5,214.6,211.8,214,69563,58955
860206,214,215.9,213.15,214,80835,60201
860207,212.6,216.9,211.3,216.15,76990,62745
860210,216.25,217.6,215.55,217.55,72801,63498
860211,217.2,217.85,215.95,216.55,72010,59312
860212,216.7,217.5,215.25,216.85,69119,60391
860213,217.25,218.7,215.2,218.45,73833,62108
860214,218.45,220.95,217.85,220.65,73061,60277
860218,220.7,223.7,220,223.2,81689,62706
860219,222.6,224.2,220.4,220.9,79333,61416
860220,220.65,224,220.2,223.85,69121,61029
860221,225,226.2,224.2,224.95,81675,61944
860224,224.4,226.7,223.9,225.7,84003,61713
860225,225.5,225.95,222.8,224.3,80886,61340
860226,223.8,225.9,223.35,224.65,81409,60349
860227,225.4,228,224.5,227.3,93788,64661
860228,228.3,228.65,225.5,226,88034,62263
860303,226.3,227.05,224.85,225.45,75700,60058
860304,225.95,228.5,223.95,224.35,91794,56717
860305,224.05,225.5,222.3,225.45,82908,53724
860306,226,226.8,224.4,226.7,73104,53314
860307,226.1,227.65,225.25,225.9,75606,52898
860310,226.25,228.05,225.85,227.6,64191,52657
860311,228.3,233.5,228.2,233.3,83998,53576
860312,233.25,235.75,232.55,232.85,89621,52895
860313,232,234.9,231.7,234.3,27071,48687
860314,234.5,236.5,233.4,235.5,23474,45205
860317,235.4,235.4,233.45,233.8,14262,42811
860318,233,237,233,236.45,12642,42114
860319,236.35,237.1,234.75,235.5,7956,40434
860320,236.4,237.9,235.6,236.7,8949,37896
860321,236.8,237.8,233.34,233.34,16261,35994
