851223,220.5,220.5,217.25,217.25,0,0
851224,216,216,216,216,1,1
851226,216.6,216.6,216.6,216.6,0,1
851227,218.9,218.9,218.9,218.9,0,1
851230,218.8,220.15,217.9,220.05,2,3
851231,220.3,220.9,219.2,219.3,2,1
860102,218.35,218.35,218.35,218.35,0,1
860103,219.9,219.9,219.9,219.9,0,1
860106,220,220,220,220,0,1
860107,222,223,222,222.9,2,3
860108,211,223.3,211,214.8,1,4
860109,213.5,214.1,211.3,213.4,2,4
860110,212.8,212.8,212.8,212.8,0,4
860113,214,214.1,212,213.9,0,4
860114,213.7,213.7,213.7,213.7,0,4
860115,215.6,215.6,215.6,215.6,0,4
860116,216.45,216.45,216.45,216.45,0,4
860117,215,217,214.3,214.7,3,6
860120,213.45,215.2,213.4,215.2,2,6
860121,212.3,212.3,212.3,212.3,0,6
860122,210,212.7,209.5,209.5,2,4
860123,213,213,213,213,0,4
860124,214.05,214.05,214.05,214.05,0,3
860127,215.1,215.1,215.1,215.1,0,3
860128,216.25,219.3,214.8,219.3,1,4
860129,219,221,217.8,218.8,2,5
860130,217.4,217.4,217.4,217.4,0,5
860131,220.5,220.5,220.5,220.5,0,5
860203,221.2,223.2,219.7,223.2,3,7
860204,222.7,223.6,219.6,221.45,5,7
860205,220.6,221.8,219.5,221.55,4,11
860206,221.3,223.1,220.8,221.4,3,11
860207,223,223.9,218,223.8,1,12
860210,224,225.2,223.7,225.2,2,14
860211,224.35,224.35,224.35,224.35,0,14
860212,224.8,224.8,224.8,224.8,0,14
860213,226.1,226.1,226.1,226.1,0,14
860214,228.2,228.2,228.2,228.2,0,14
860218,228.1,231.1,227.9,231.1,3,16
860219,229,229,229,229,0,16
860220,227.6,232.2,227.5,232,11,27
860221,233.55,234.3,232.2,233.55,1,26
860224,234.5,234.5,234.5,234.5,0,26
860225,232.7,232.7,232.7,232.7,0,26
860226,233.4,234.4,231.95,233.25,0,26
860227,233.25,236.3,233,236.25,2,27
860228,234.9,234.9,234.9,234.9,0,27
860303,234.4,235.4,233,234.2,4,31
860304,234.5,236.6,233,233,24,35
860305,231.6,234,230.2,234,2,36
860306,234,235.7,232.6,235.7,1,37
860307,235.4,236.3,234,234.8,2,39
860310,236.3,236.3,236.3,236.3,0,38
860311,236.8,242.1,236.8,242.1,7,37
860312,241.4,243.8,241.4,241.4,14,38
860313,239.5,243.9,239.5,242.9,16,49
860314,244,245.6,242.2,244.2,28,50
860317,243.8,243.85,242.4,242.4,7,52
860318,242,245.2,241.95,245.1,10,42
860319,244.1,245.2,243.4,244.05,7,46
860320,245.4,245.9,244.2,245.75,29,69
860321,245.9,246.2,243,243,15,71
860324,244,244.2,241,242.8,11,72
860325,241.7,243.9,241.6,243.9,2,72
860326,245,247.6,243.85,247.6,6,75
860327,248.65,249.5,247.6,247.6,2,76
860331,248.5,248.6,247.1,247.3,7,74
860401,247,247.4,241.5,242.4,10,79
860402,241.9,244.5,241,243.3,2,80
860403,242.9,244.1,238.4,238.4,0,79
860404,238.4,239.2,234.5,234.5,53,106
860407,233.3,236.2,232.4,234.85,20,116
860408,236.7,241.4,236.7,241.4,7,109
860409,242.5,243.4,238.45,241,48,84
860410,241,244.4,240.4,244,22,91
860411,244,244.5,241.2,242.3,32,104
860414,242.2,245.3,241.7,244.8,6,98
860415,244.7,245,242.9,244.5,7,81
860416,246.6,249.9,246.25,249.9,8,78
860417,249.35,250.6,249.1,250.5,25,79
860418,249.6,250.5,247.9,249.05,9,81
860421,251.9,251.9,251.9,251.9,0,73
860422,251.7,252.1,247,248.5,16,81
860423,247.25,248.7,245.55,248.4,13,91
860424,248.5,249.9,247.3,247.6,17,94
860425,249.2,249.2,246.1,248.45,12,93
860428,249.2,249.85,247.3,249.85,30,93
860429,250,250.1,244.1,245.1,17,94
860430,245.4,245.55,239.5,239.55,30,97
860501,239,239.8,237.6,239.6,52,94
860502,239.7,240.4,237.75,239,24,97
860505,240.6,242.6,240.3,242.6,10,94
860506,241.95,242.6,240.4,241.55,16,103
860507,240.6,241.45,237.9,241.45,26,96
860508,241.4,242.5,240.2,241.75,17,90
860509,239.4,242.9,239.4,242.75,12,90
860512,242,242.9,240.6,241.7,88,137
860513,240.85,242.2,240,240.7,40,144
860514,241,241.6,239.8,241.35,6,131
860515,240.9,241.45,237,237.35,40,140
860516,237.1,237.55,235.6,236.25,71,172
860519,237.05,237.8,236.1,236.95,39,168
860520,237.3,241.1,236.8,241.05,52,187
860521,241.25,241.75,239.7,240.75,56,202
860522,241,246.1,241,246,35,205
860523,245.5,247.65,245.4,246.95,636,605
860527,246.7,251,246.7,250.9,464,976
860528,251,252.8,250.55,252.4,128,1015
860529,251.9,253.6,249.6,253.3,100,1035
860530,253,254.8,251.4,252.2,74,1052
860602,252.45,252.8,247.3,249.45,40,1069
860603,249.05,251,248,250.65,245,1100
860604,249.35,251.15,246.9,248.7,38,1102
860605,248.7,250.3,247.6,250.25,48,1120
860606,250.9,251.1,248.2,249.75,78,1120
860609,248.5,248.6,242.6,242.8,216,1170
860610,242.3,243.6,241.2,242.8,584,1180
860611,242.75,244.9,242.3,244.4,65,1171
860612,244,245.8,243.6,245.05,191,1222
860613,246.8,250.55,246.6,250.2,266,1365
860616,251.1,251.3,249.3,250.65,254,1514
860617,250,250.5,247.2,247.75,231,1553
860618,248,249.3,245.5,249.15,162,1566
860619,248.2,249.9,247.1,247.3,103,1595
860620,247.7,250.2,247.5,249.9,252,1680
860623,249.5,249.9,246.55,247.3,266,1777
860624,247.35,252.7,246.85,250.55,759,2076
860625,251.05,254.1,251.05,251.6,494,2157
860626,250.9,252.7,250.35,252.05,301,2095
860627,253.2,253.4,252,252.15,263,2121
860630,252.9,255.3,252.5,254.25,639,2206
860701,254.2,256,253.8,255.95,950,2369
860702,255.5,257.25,255.25,256.65,543,2371
860703,255.9,256.75,253.8,254.05,313,2473
860707,253.7,253.7,245.3,245.35,1324,2702
860708,243.3,244.3,241.2,243.45,1024,2951
860709,244.3,245.2,243.55,244.7,552,2913
860710,245.25,246.35,241.4,246.05,866,3052
860711,246.25,246.35,243.6,244.15,398,3060
860714,243.05,243.1,239.9,240.05,892,3222
860715,240.1,240.5,235.65,236.75,1747,3622
860716,237,239.2,236.05,236.85,1587,4235
860717,237.6,239.25,236.9,237.8,690,4155
860718,237.7,240.85,235.6,238.6,864,4248
860721,237.4,239.1,236.9,238.15,409,4297
860722,237.1,240.65,237.1,240.25,627,4333
860723,240.45,241.1,239.25,239.75,513,4430
860724,239.65,240.4,238.25,240.15,1538,5497
860725,240.35,243.2,240.35,242.6,871,5766
860728,241.6,241.85,235.6,236.5,1303,5954
860729,237.3,237.8,235.15,236.75,1049,6037
860730,236.75,239.65,234.4,239.3,2554,6394
860731,239,239.2,237.2,237.55,1259,6511
860801,237.95,238.8,234.7,234.75,1171,6931
860804,234.7,239,232.95,238.65,1726,7187
860805,238.4,240.8,238.3,239.25,1107,7368
860806,238.7,239.75,237.55,238.8,594,7378
860807,238.6,240.6,238.05,238.85,4426,10054
860808,239.7,240.4,237.7,238.8,1171,10283
860811,239.8,243.25,239.8,242.7,3436,11817
860812,243.3,245.8,242.1,245.7,2641,12608
860813,245.7,248.85,244.9,247.95,3585,13705
860814,247.8,249.65,247.45,249.05,4220,14998
860815,249.05,249.7,247.95,249.5,3279,15649
860818,248.8,250.25,247.1,249.75,3046,16337
860819,250,250,247.5,248.9,2744,16719
860820,248.35,252.45,248.2,252.3,3975,17323
860821,252.45,252.65,250.95,252.1,4279,17656
860822,251.5,252.9,251.15,252.1,2783,18320
860825,251.55,251.8,249.4,251.15,4228,19678
860826,250.8,255.55,250.8,255.3,6324,22445
860827,255.4,256.85,254.65,255.4,4261,23012
860828,255.65,256.4,254.05,255.25,5781,24892
860829,255.8,256.5,253.65,254.35,4970,26217
860902,254.4,255.5,248.65,249.4,8346,27995
860903,248.1,252.4,248.1,252.35,10440,30140
860904,252.7,256.4,252,255.9,10273,32355
860905,255.5,256.25,251.2,251.45,10438,34240
860908,250.5,251.8,248.8,250.45,13290,35359
860909,252.1,252.5,248.2,249.6,12480,37414
860910,249.65,250,247.8,248.65,20401,42564
860911,246,246,234.1,234.9,107268,65584
860912,235.6,235.8,226.65,229.7,117781,86197
860915,230.7,232.7,228.6,231.15,95710,93344
860916,228.45,231.9,227,230.85,83823,98704
860917,231,233.55,229.85,230.35,75118,104171
860918,229,234,228,230.95,77292,105466
860919,228.8,231.9,228.75,230.5,58640,111926
860922,230.9,234.95,230.8,234.6,66679,110658
860923,234.6,236.8,234.05,236.6,70643,110483
860924,235.9,237.45,235.1,235.9,68705,112051
860925,235,235.8,229,231.35,83462,113849
860926,230.4,234.5,229.75,231.95,66345,116462
860929,229,230.2,226.1,229.55,79104,121637
860930,230.4,233.65,229.85,230.6,81496,121987
861001,231.9,235.65,231.45,233.6,82558,123834
861002,232.8,235.1,232,234.75,62236,123210
861003,235.5,237.15,229.8,232.4,75726,125329
861006,232.8,236.2,231.45,234.1,60455,124945
861007,233.5,234.9,231.75,234.55,67537,126653
861008,232.1,237.25,232.1,236.7,74390,128568
861009,236.7,238.2,234.5,235.1,76200,130836
861010,234.35,236.1,233.8,235.1,40640,129274
861013,234.8,236.9,234.45,236.8,21960,128040
861014,237.2,237.4,233.4,234.75,56615,130284
861015,234.9,239.8,234.45,239.7,78605,130916
861016,240,241.15,238.35,239.75,76378,130879
861017,239.25,239.35,237.25,237.95,58579,133818
861020,236.4,236.5,233.5,235.5,55871,133441
861021,236.3,236.45,234.2,235.25,56231,135879
861022,235.8,236.7,234.95,235.15,51119,135701
861023,235.85,240.6,235.65,239.6,71953,136610
861024,239.4,240.1,237.5,237.75,47221,136707
861027,237.75,239.4,235.7,239.2,61040,135572
861028,239.1,240.7,238.4,238.8,64363,134025
861029,238.5,241.3,238.2,240.7,64919,134758
861030,243,244.8,242.9,243.8,73733,131829
861031,243.5,244.8,242.75,244.7,55924,129632
861103,245.4,246,244.5,245.95,62904,128895
861104,245,247.2,244.3,246.3,60418,125512
861105,245.7,247.65,245.35,247.2,69856,126638
861106,246.4,247.55,243.9,246.2,77982,127872
861107,245.7,247,244.95,245.9,57724,128701
861110,245.7,246.85,244.5,246.55,62598,129033
861111,246.85,247.75,246.35,247.7,36487,128191
861112,248.2,248.3,245.6,246.95,71386,127210
861113,246.95,247,241.4,241.55,85582,126401
861114,242.1,245.4,241.1,245.3,83351,123510
861117,243,245.85,242.85,243.35,86387,122030
861118,243.3,243.8,236.2,237.05,115588,128532
861119,236.8,238.5,235.2,238.1,108856,122575
861120,238.9,243.2,238.15,242.2,94560,117792
861121,242,247.55,241.65,244.85,105086,110246
861124,245.5,248.95,245.05,248.2,91865,105634
861125,248.05,249.6,246.9,249.55,83958,100828
861126,249.2,249.95,248.35,249.55,55641,99720
861128,249.55,249.9,248.1,248.65,32446,98299
861201,246.2,251.2,245.1,251.05,72526,98273
861202,251.7,254.8,250.9,254.5,104674,98327
861203,254.8,256.05,253.7,254.3,91364,91064
861204,254.25,255.55,253.6,254.65,76624,87408
861205,254.5,255.1,250.7,251.95,74726,85332
861208,252.4,253.4,248.65,251.95,89602,84441
861209,251.65,252.2,249.5,249.95,72815,81262
861210,249.5,252.95,249.5,251.1,75406,78790
861211,251.1,251.2,247,248.15,32637,69307
861212,248,249.1,246.7,247.05,13448,66299
861215,245.15,249.2,244.75,248.75,17184,63153
861216,249,249.9,247.7,249.25,12902,60605
861217,249,249.65,247.2,247.6,13587,58011
861218,248.2,248.45,246.65,247,9655,56292
861219,246.8,249.9,246,249.73,17910,54827
