900123,345.2,346.7,341.8,341.8,2,0
900124,340.4,345.3,336,345,1,1
900125,338.7,338.7,338.7,338.7,0,1
900126,340,340,334,340,0,1
900129,340,340,340,340,0,1
900130,338,338,338,338,0,1
900131,339,343.85,337.95,343.85,0,1
900201,342.05,342.05,342.05,342.05,0,1
900202,345,345,345,345,0,1
900205,343.9,346,343.9,346,2,3
900206,343,343,343,343,0,3
900207,348.5,348.5,348.5,348.5,0,3
900208,348.4,348.4,348.4,348.4,0,3
900209,347.2,347.2,347.2,347.2,0,3
900212,343.5,343.5,343.5,343.5,0,3
900213,345.3,345.3,345.3,345.3,0,3
900214,346,346,346,346,0,3
900215,349,349,349,349,0,3
900216,348.8,349.2,345.8,345.8,1,3
900220,341,342.1,339,340.8,1,4
900221,339.4,341.7,337,341.35,1,5
900222,341.55,344.1,338.5,338.85,2,6
900223,337.45,337.45,337.45,337.45,0,6
900226,338.2,342,337.2,341.8,5,11
900227,344.5,345,341.5,343.45,3,14
900228,346.1,346.55,343.3,345.5,5,19
900301,346.65,347.2,344,346.4,131,134
900302,347.8,347.8,347.8,347.8,0,134
900305,346.7,346.7,346.7,346.7,0,134
900306,347.2,351.8,346.6,351.7,1,135
900307,349.65,349.65,349.65,349.65,0,135
900308,351.9,353.8,351.9,353.7,15,140
900309,351.5,351.5,349.8,350.45,201,144
900312,349.55,352.5,349.15,351.55,6,145
900313,350.8,351.4,348,348.6,2,147
900314,348.9,351.35,348,351.05,3,150
900315,350.7,352.2,350,351.65,13,163
900316,353.8,355.5,352.5,354.7,3,166
900319,356.95,356.95,356.95,356.95,0,166
900320,355.4,355.4,355.4,355.4,0,166
900321,354,356,351.9,351.9,1,167
900322,349.8,353.2,345.9,348.4,12,160
900323,350.1,350.5,348.3,350.1,1,160
900326,351,351,351,351,0,160
900327,351.5,355,349.8,354.7,2,161
900328,354.55,356,353.2,355.1,0,161
900329,352.6,354.1,352,353.35,14,170
900330,351.2,354.5,350.9,350.9,4,169
900402,348,351.8,348,351.15,3,172
900403,356,357,355.75,356.75,1,173
900404,356.2,356.8,352.3,352.5,5,177
900405,353.55,353.55,353.55,353.55,2,179
900406,352.5,354.2,350,353.05,1,178
900409,353.5,354.2,352.5,353.7,2,180
900410,354.5,354.8,352.6,353.3,13,190
900411,353.3,355.1,352.6,354.2,4,194
900412,356.1,357.2,354.1,357.1,4,196
900416,355.85,355.85,355.85,355.85,0,196
900417,355,356.9,353.6,356.2,16,210
900418,356.5,356.5,351.2,352,29,215
900419,351.6,352.1,348.1,348.5,15,225
900420,348,349.3,343.6,345.3,24,206
900423,344,344.6,340.9,341.65,4,204
900424,343.1,344.2,340.4,341.45,25,225
900425,343.1,343.8,341.5,343.25,3,225
900426,343.4,344.5,341.05,344.25,6,230
900427,341.8,344.4,337.85,337.85,7,232
900430,337.9,341.9,337.75,341.1,8,237
900501,341.85,343.4,340.8,342.65,17,241
900502,342.3,346.3,342.1,346.25,1392,999
900503,346.45,348.3,345.7,346.4,353,1228
900504,347.6,349.6,345.5,348.95,136,1219
900507,349,351.7,348.4,351.6,11,1216
900508,351,354.4,350.4,354.2,18,1102
900509,353.1,354.5,351.4,354.15,10,1107
900510,354.75,356.1,353.5,354.25,53,1133
900511,356.05,363.8,356.05,363.55,37,1153
900514,364.1,370,363.4,366.3,49,1182
900515,365.55,366.3,364.45,366,12,1192
900516,363.8,366.1,363.2,364.75,12,1181
900517,367.5,368,364.7,365.4,112,1164
900518,364.5,365.25,362.8,365.05,9,1166
900521,364.6,370.3,364.5,368.7,35,1188
900522,370.8,371.3,366.5,370.45,608,1742
900523,370,370.6,367.8,370.35,55,1725
900524,369.6,370.45,368.4,369.45,117,1819
900525,367,367.4,364.6,364.8,212,1995
900529,367,372.9,366.9,372.15,6,1997
900530,372.1,373.4,370.4,372.55,1,1997
900531,371.45,372.6,371,371.3,63,2036
900601,373.05,373.05,373.05,373.05,12,2036
900604,373.3,378.9,372.7,378.5,242,2238
900605,378.25,379.5,376.5,377.5,35,2258
900606,376.6,377.2,375.1,375.7,300,2361
900607,376.5,376.7,371.8,373.65,41,2374
900608,373.7,374,367.6,369.05,24,2380
900611,368.6,372.6,368.3,372.45,290,2375
900612,373.1,377.5,370.9,376.25,44,2390
900613,375.4,377.7,374,375.1,616,2599
900614,373.5,374,371.5,373.15,85,2605
900615,371.5,373.85,370.5,372.7,67,2519
900618,371.4,371.7,366,366.65,106,2567
900619,366.5,368.8,365.2,368.35,148,2603
900620,368.25,369.9,366,369.1,355,2663
900621,369.8,371.8,366.8,371.65,221,2702
900622,371.4,373,363.5,364.7,206,2683
900625,364.2,365.3,360.3,362.2,147,2678
900626,363.9,365.35,360,360.5,196,2777
900627,360.1,365.1,359.7,363.95,208,2731
900628,364.2,367,363.85,366.75,106,2749
900629,366.7,368.4,365.7,366.85,350,2935
900702,366.8,369,365.9,368.95,380,3039
900703,368.6,369.8,368.3,368.55,78,2866
900705,366.5,366.5,362.8,364.3,105,2845
900706,363.2,367.8,362.6,366.75,139,2912
900709,366.15,369.05,366,367.8,195,2964
900710,367.6,368.6,364,365.15,278,2985
900711,366.15,370.3,365.5,370.05,352,3150
900712,369.6,374.2,368.7,374.1,672,3562
900713,373.85,378.4,373.85,375.55,656,3968
900716,376.1,378.1,375.35,376.95,198,3999
900717,376.7,377.6,372.5,374.95,382,4254
900718,374,374.4,370.5,371.6,326,4328
900719,370.9,373,368.8,372.95,751,4626
900720,372.9,374.25,368.6,369.25,218,4652
900723,368,368.1,357,362.2,305,4755
900724,362.1,362.55,358,362.05,192,4815
900725,362.3,365,361.6,364.05,436,4826
900726,362.3,364.6,360.3,362.65,117,4875
900727,361.9,362.7,358.6,359.8,199,4963
900730,358.2,362.8,357.35,362.55,722,5144
900731,362.65,364.6,359.7,362.8,254,5222
900801,361.65,363.8,359.9,361.6,230,5245
900802,358.3,360,355.2,358.1,491,5303
900803,352.5,355.85,341,350.55,593,5498
900806,338.55,345.55,337.7,338.2,674,5483
900807,345,345,337.5,341.1,953,5745
900808,340.2,345.05,340.2,343.45,718,5955
900809,344.1,346.1,342.8,345.45,906,6674
900810,344.5,345,339.3,341.3,1400,7273
900813,340.1,344.5,337.5,343.7,1458,7866
900814,343.7,346.9,342.5,344.8,1154,8439
900815,348.5,348.8,345.2,345.75,3065,9296
900816,342.4,343.9,335,335.65,3106,11015
900817,334,336.1,328.7,332.5,2715,12293
900820,333.2,335.75,332.75,333.6,2100,13067
900821,327,330,321.6,327.3,6808,15444
900822,328,329,320.5,320.85,4932,18440
900823,308.8,316.5,308.65,309.75,4419,20648
900824,316,316.8,310,316.65,2275,21150
900827,329,329,321.65,326.6,2182,22105
900828,324.4,327.05,324.4,326.4,1958,23323
900829,325.9,330.8,325.25,327.6,2728,24941
900830,328,328.75,321.75,322.3,3150,26694
900831,322.7,326.5,320.35,326.35,5335,29770
900904,323.3,328,322.8,327.95,4839,33253
900905,327.25,329.25,324.8,328.55,6804,37673
900906,327.6,328.1,322.85,324.4,8066,42964
900907,323.1,328.5,323.1,327.4,6365,45984
900910,332,332.2,324,325.1,9274,52386
900911,325.6,326.5,323.5,325.4,10449,59367
900912,326,326.2,323,325.7,16332,69455
900913,326,326.4,321.15,321.9,52653,87106
900914,320,320.6,317.7,319.45,53426,101234
900917,317.5,321.5,317.5,321.1,46391,111896
900918,318.55,322.4,317,321.6,57057,119661
900919,322,322.2,318.4,318.7,52904,130137
900920,317,317.65,312.5,314.4,53687,141644
900921,314.8,315.6,310.25,314.6,49809,143917
900924,313,313,305.1,307.3,55728,149074
900925,309.5,311.55,307.05,311.3,44876,145500
900926,311.15,311.7,305.4,308.3,51675,146025
900927,310.8,311.4,300.9,302.7,58018,148760
900928,297.7,308.3,297.3,306.75,55214,148630
901001,310,318.5,308.8,318.25,63261,149244
901002,319.4,323.5,317.55,318.35,58429,143215
901003,317.9,319.9,312.8,313.7,50605,146430
901004,313,316.8,311.2,315.3,47032,145623
901005,310.3,318.3,308.2,314.85,52489,146188
901008,318,318.4,315.1,317.4,28429,146396
901009,314,314.55,305,305.75,47541,145289
901010,307.4,309.3,299.9,302.2,61500,145543
901011,302,304.3,295.6,297.35,58056,147022
901012,299.15,304.25,297.5,301.7,54389,147634
901015,303,307.5,297,306,56707,148858
901016,306,306.9,299.45,301.25,53787,148441
901017,300.6,304.2,299.5,300.6,54400,147974
901018,302.1,308.5,301.55,308.15,61549,147807
901019,313.15,313.95,310.2,313.05,55394,146687
901022,313.25,318.65,312.4,315.5,49942,144692
901023,315.7,317.5,313,313.8,43026,142142
901024,312.5,315.9,311.9,315.45,38464,144350
901025,315.2,315.8,310.9,311.4,41362,143940
901026,309.2,310.5,305.75,306.25,39687,143884
901029,306.8,309.5,301.4,304,52261,145331
901030,303.5,306.6,300.2,306.2,55781,144667
901031,307.4,307.9,303.25,306.8,44400,145177
901101,305.8,309.4,302.4,308.45,47865,148555
901102,308.4,313.85,308.1,313.2,43059,148744
901105,314,316.6,312.7,315.4,42612,146123
901106,315.2,316.85,311.6,311.8,46448,145822
901107,312.1,312.75,306.8,307.25,48396,146177
901108,307.25,311.85,305.8,309.8,54348,147193
901109,311.8,316.4,310.15,315.55,49770,145569
901112,317.2,321.4,317.1,320.5,45062,146424
901113,320,321.4,318.2,319.15,46335,146533
901114,319.1,323.75,318.4,321.7,51027,143916
901115,320.5,321.1,317,318.05,45533,140591
901116,319.8,320.8,315.8,319.3,55920,141088
901119,320.5,321.45,318.95,321.15,44174,136596
901120,320.9,321.4,316.5,316.8,46332,136957
901121,318,318.5,313.4,317.85,39498,134438
901123,317.4,319.1,315.25,315.5,16403,133864
901126,313,318.5,311.4,318.2,46258,130903
901127,317.8,320,316.25,319.65,52332,128283
901128,319.2,321.25,318.3,319.25,45959,123679
901129,318.45,319.25,315.15,316.75,49569,123974
901130,316.75,324.9,316.1,324.05,65372,121155
901203,325.5,325.95,323.5,324.4,49729,116690
901204,324,329,322.6,328.2,54381,116406
901205,327.4,332,326.2,331.8,52327,109513
901206,335.5,335.5,329.1,330.5,61777,107243
901207,329.8,330.5,326.8,328.25,56293,106893
901210,327.9,330.3,326.7,329.65,46056,99750
901211,329.3,329.3,326.2,328.55,44748,91726
901212,328,331.95,327.5,331.55,56115,79927
901213,331,331.85,329.1,329.95,21537,71328
901214,328.8,328.8,325.4,327.2,20850,61395
901217,325.7,327.1,324.9,326.75,11039,55173
901218,327,332.45,326.75,330.7,12844,48228
901219,330,331,329.3,329.55,13013,39954
901220,326.4,331,325.7,330.35,15920,32264
901221,334.05,334.05,334.05,334.05,1927,31246
