900712,382,382,382,382,3,1
900713,382.9,386,382.6,383.45,108,105
900716,384.6,384.6,384.6,384.6,0,103
900717,382.65,382.65,382.65,382.65,0,100
900718,379.3,379.3,379.3,379.3,0,100
900719,380.7,380.7,380.7,380.7,0,100
900720,377.5,382,376.5,377.2,0,100
900723,369.9,369.9,369.9,369.9,0,100
900724,369.7,369.7,369.7,369.7,0,100
900725,371.5,371.5,371.5,371.5,0,100
900726,370.1,370.1,370.1,370.1,0,100
900727,367.8,367.8,367.8,367.8,0,100
900730,366,371,364.8,370.1,4,104
900731,370.4,370.4,370.4,370.4,0,104
900801,368.9,371.6,367.6,369,97,104
900802,365,365.8,362,365.65,5,10
900803,356,359,349,357.95,3,13
900806,347.3,349,345,345.6,8,18
900807,348.1,351,344.9,348.4,5,22
900808,350.75,350.75,350.75,350.75,0,11
900809,352.8,352.8,350.4,352.8,0,11
900810,348.55,348.55,348.55,348.55,0,11
900813,346,351.5,345,350.95,7,16
900814,352.2,352.2,352.2,352.2,1,17
900815,353.1,353.1,353.1,353.1,0,17
900816,343,343,343,343,0,17
900817,339.7,339.7,339.7,339.7,0,17
900820,340.7,342.15,339.5,340.85,0,17
900821,334.6,334.6,334.6,334.6,0,17
900822,328.1,328.1,328.1,328.1,0,17
900823,316.85,316.85,316.85,316.85,0,17
900824,323.75,323.75,323.75,323.75,0,17
900827,336,336,332,333.75,7,19
900828,333.55,333.55,333.55,333.55,0,19
900829,334.75,334.75,334.75,334.75,0,19
900830,329.5,329.5,329.5,329.5,0,19
900831,333.6,333.6,333.6,333.6,0,19
900904,335.25,335.25,335.25,335.25,0,19
900905,334,336,332.6,335.6,6,25
900906,331.5,331.5,331.5,331.5,0,25
900907,334.5,334.5,334.5,334.5,0,25
900910,332.1,332.1,332.1,332.1,0,25
900911,332.2,332.2,332.2,332.2,0,25
900912,329,333.4,329,332.4,1,26
900913,328.6,328.6,328.6,328.6,0,26
900914,326,326,326,326,1,27
900917,327,328,324,327.65,412,411
900918,327.6,328.5,323,328.1,1,411
900919,325.8,328.15,324,324.5,2,412
900920,322.2,323,318.5,320.15,2,414
900921,320.4,321,316.5,320.2,502,905
900924,313.9,313.9,313.9,313.9,100,1005
900925,316.9,316.9,316.9,316.9,0,1005
900926,313.75,313.75,313.75,313.75,2,1007
900927,308.35,308.35,308.35,308.35,0,1007
900928,305.6,313.5,303,312.2,5,1009
901001,324,324,324,324,0,1009
901002,326,329.5,323.7,324.05,49,1039
901003,325.3,325.9,318.6,319.35,19,1039
901004,321.3,321.3,321.3,321.3,0,1039
901005,320.4,320.4,320.4,320.4,5,1042
901008,323.1,323.1,323.1,323.1,0,1042
901009,311.25,311.25,311.25,311.25,0,1042
901010,307.6,314.5,305.5,307.75,3,1044
901011,306.8,309,300.9,302.5,12,1053
901012,307.2,309.5,305.8,306.85,3,1053
901015,311.35,311.35,311.35,311.35,1,1054
901016,306.55,306.55,306.55,306.55,0,1052
901017,306,309,305,305.6,1,1052
901018,313.6,313.6,313.6,313.6,4,1056
901019,318.6,319,315.75,318.6,0,1056
901022,323,324,318,321.2,1,1056
901023,319.5,319.5,319.5,319.5,0,1056
901024,321.2,321.2,321.2,321.2,89,1057
901025,316.8,316.8,316.8,316.8,0,1057
901026,311.5,311.5,311.5,311.5,0,1057
901029,314.6,314.8,307.3,309.3,52,1101
901030,311.55,311.55,311.55,311.55,13,1113
901031,312.4,313,308.7,312.2,24,1127
901101,313.8,314.5,308,314,33,1141
901102,314.75,319.1,313.7,318.85,95,1213
901105,319.35,321.7,318.5,320.9,13,1220
901106,320.6,322.2,316.8,317.35,61,1231
901107,317.5,318,312.2,312.65,2,1232
901108,313.9,317,311.5,315.25,1,1232
901109,318.45,321.7,318.45,321.25,61,1285
901112,324.6,326.5,324.3,326.1,107,1280
901113,324.8,324.8,324.8,324.8,0,1280
901114,327.35,327.35,327.35,327.35,1,1280
901115,325.35,326.3,323.3,323.65,393,1367
901116,324.75,324.75,324.75,324.75,390,1643
901119,326.25,327,324.5,326.65,714,2105
901120,324.3,326.85,322.1,322.4,256,2117
901121,320.2,323.8,319.1,323.45,123,2164
901123,324.4,324.5,320.7,321,37,2160
901126,317.5,323.9,317.4,323.75,17,2168
901127,323.7,325.5,322.15,325.25,73,2221
901128,324.6,326.8,323.8,324.95,55,2227
901129,323.15,324.8,320.5,322.5,200,2264
901130,328,330.8,322.2,329.75,87,2247
901203,331.7,331.7,329.5,330.2,260,2400
901204,329.9,334,328.7,334,69,2397
901205,334.25,337.8,332.4,337.65,296,2522
901206,342,342,335,336.45,165,2585
901207,335.85,336.2,332.5,333.7,587,2771
901210,333.5,335.7,332.5,335.15,273,2921
901211,334.5,334.5,332.2,334.05,50,2943
901212,334.5,337.6,333,337,15,2943
901213,337.25,337.25,335,335.5,29,2968
901214,333.25,333.3,331,332.7,79,2983
901217,331.3,332.2,330.6,332,202,3089
901218,332.6,336.5,331.9,336.1,79,3109
901219,335.1,336.2,334.4,334.7,472,3396
901220,331.6,336.2,331.5,335.75,172,3443
901221,336.4,337.7,335.3,337.7,420,3703
901224,335.5,336.25,334,334.1,51,3724
901226,335.2,337.7,335.05,336.7,439,3972
901227,336.3,336.7,332.9,333.75,200,3947
901228,333.7,334.7,332.05,334.6,163,4050
901231,334.1,334.5,332.6,333.45,65,4081
910102,333.35,336.3,329.7,329.7,500,4303
910103,330.7,331.1,326.1,326.8,471,4422
910104,327.1,327.8,322.9,325.9,1050,4433
910107,322.5,324.6,320,320.25,1139,5080
910108,320.7,321.9,318.1,319.8,1986,4864
910109,321.5,325.8,314,315.2,444,4808
910110,317.3,319,315.5,318.65,450,4819
910111,318.1,319.15,317.15,318.75,132,4868
910114,314.5,317,312.3,316.85,263,4861
910115,316.6,317.2,315.1,316.8,404,5088
910116,316.65,321.1,316,320.85,5013,7489
910117,339.5,339.5,329.8,334.8,920,7326
910118,332.5,337.1,332,336.65,468,7350
910121,334.3,336.4,333.5,335.75,249,7347
910122,335,335.5,331.45,332.55,387,7379
910123,333.15,335.4,332.45,334.15,306,7577
910124,335.5,340.25,335.5,339.6,1202,8460
910125,339.4,341.3,337.8,340.75,306,8489
910128,340.65,341.45,339.4,339.55,660,8850
910129,339,339.9,337.9,339.6,1093,9676
910130,340,345.4,340,345.2,1051,10279
910131,344.85,347.7,344.4,347.6,613,10601
910201,346,348.5,343.65,346.2,1857,11090
910204,346,352.8,346,351.7,604,11099
910205,351.6,355.7,350.8,355.6,1253,11438
910206,354,362.9,353.5,362.7,1975,12476
910207,364,367.8,359.3,360.75,1436,13075
910208,360.2,363.85,359.7,363.55,1303,13919
910211,363.55,373.3,363.55,372.8,4102,15944
910212,371.3,374.9,368.9,369.15,2405,16666
910213,369.2,374.1,368.5,373.1,440,16820
910214,373,374.6,366.4,368.2,2113,17544
910215,369,374,368.05,372.35,1923,18003
910219,371.9,374.45,370.4,373.1,3325,19579
910220,371.4,371.4,368.15,369.5,3387,21173
910221,370,371.2,368,368.85,3788,23059
910222,367.5,375.7,367.5,369.9,4444,25579
910225,373.5,374.4,368.6,371.1,4076,27206
910226,368.75,369.7,365.9,366.85,6926,30037
910227,367.5,372.65,366.8,372.3,7104,33024
910228,373.3,374.7,369.55,370,7810,35819
910301,366.5,374.8,366.5,374.45,6128,36741
910304,375.4,375.9,372.25,372.9,8265,42862
910305,373.8,382,373.5,380.8,21511,58772
910306,383.7,383.9,378.8,380.1,17830,70278
910307,380,381.4,379,379.15,45514,86743
910308,379.65,382.8,377.7,378.9,58751,99017
910311,379.4,379.4,376.1,377,45828,106677
910312,376.5,378.6,373,374.2,56119,116684
910313,374.4,379.1,373.6,379.05,57327,127029
910314,379.4,382.2,374.5,376.95,68843,136818
910315,376.8,377.9,373.3,375.55,47349,139721
910318,374.6,377.8,372,376,47753,137938
910319,372,372.7,368,370,44127,138927
910320,370,372.6,368.8,371.4,39131,138551
910321,373,374.5,369.2,369.65,38994,138607
910322,369.2,371.5,368.1,371.2,35158,139312
910325,370.1,374.45,369.8,372.85,36652,139567
910326,372.3,379.9,371.8,379.7,43656,138650
910327,380.9,381.85,377,378.55,46351,136661
910328,379.75,380.15,376,376.25,30319,134254
910401,376.4,377.15,372.4,373.6,34616,135212
910402,374.25,382.6,374.25,382.05,52466,140327
910403,382.5,384.5,380.5,380.65,46490,139795
910404,381.7,385,379.35,382,46263,137683
910405,382.5,384.15,375.9,377.4,50475,140212
910408,377.25,381.3,376.3,381.1,35758,138696
910409,380.4,381.7,374.9,375.6,47732,139241
910410,375.8,377.2,372.75,375.8,48303,140435
910411,377,381.8,377,381.1,50744,140676
910412,382,383.75,378.2,382.4,48267,140172
910415,383.4,384.7,380.15,382.4,45636,140341
910416,381.5,389.9,380.9,389.15,55457,142602
910417,389.3,393.5,388.75,392.15,56563,141599
910418,390.3,393.35,389.5,390.75,45398,142044
910419,388.75,389.4,385.5,386.35,42116,141629
910422,385.75,386.2,381.8,383.3,47819,143458
910423,384.9,385.5,380.65,382.75,49287,142810
910424,383.4,384.95,380.9,383.75,42829,141788
910425,383,384.2,379.4,380.2,47117,141173
910426,378.6,381.9,377.85,380.1,43557,141411
910429,380.9,382.65,375.1,375.45,49055,143305
910430,375.25,379.4,374.2,375.9,59412,143042
910501,376.25,381.9,376.25,381.6,50912,142080
910502,382.3,383.3,380.3,381.4,36593,140065
910503,381.4,382.4,379.25,381.8,37067,138872
910506,380.9,381.6,378.3,380.85,32869,137639
910507,381,382.3,376.8,377,36931,137150
910508,377.5,381,376.9,380.05,44041,138103
910509,380.45,385.2,379.65,384.6,50118,138697
910510,385,385,375,376,52601,139192
910513,377.8,378,375.2,377.75,43258,135348
910514,376.25,376.4,371.2,372.6,59177,139139
910515,372.9,373.9,366.5,369.65,61773,140179
910516,371.2,373.8,370.65,372.85,50490,137397
910517,371.1,374.6,369.95,374.3,47806,137724
910520,373.8,375.15,372,373.4,33546,137122
910521,373.4,378.1,373.4,377,47674,137207
910522,376.25,377.8,375.15,377.5,41263,135834
910523,377.5,379.4,374,375.85,45532,134634
910524,377.2,379.7,376.2,378.4,27146,132646
910528,379.15,383.6,377.5,382.8,45145,129660
910529,383.1,385,382.15,384.15,49189,124999
910530,383.9,389.4,383.4,387.5,54511,124299
910531,388,390.6,386,389.7,48764,123479
910603,388.8,391,387.6,388.35,41142,115418
910604,387.75,389,385.5,388.6,42818,114577
910605,388.9,389.35,385.15,385.9,47324,108838
910606,386.3,387.1,383.6,384.35,40880,104745
910607,382.3,383.4,379.15,380.2,51368,98172
910610,380.5,380.75,378.1,378.65,41273,89119
910611,379,382.55,378.9,382.1,45848,83500
910612,380.5,380.5,374.2,377.1,64716,73251
910613,377.5,378.8,376.4,378.3,21828,59715
910614,379,382.9,379,382.3,14614,51631
910617,382.1,382.6,380.45,380.95,8561,47842
910618,380.7,382.75,377.6,379.05,8395,42637
910619,377.25,377.25,374.4,375.15,16892,33210
910620,374.5,376.8,373.8,375.75,14753,27904
