910107,326,326,325,325.15,1,1
910108,325.55,326.7,323,324.2,0,1
910109,319.6,319.6,319.6,319.6,0,1
910110,322.8,323,321.1,322.8,1,2
910111,323,323.5,321.8,323.15,2,3
910114,321,321,321,321,0,3
910115,321.75,321.75,319.6,321,2,4
910116,325.4,325.4,325.4,325.4,0,4
910117,335.25,340.4,335.25,339.5,1,4
910118,341.8,341.8,341.8,341.8,0,4
910121,340,340,340,340,0,4
910122,337.5,337.5,337.5,337.5,0,4
910123,339.1,339.1,339.1,339.1,0,4
910124,344.95,344.95,344.95,344.95,0,4
910125,345.85,345.85,345.85,345.85,0,4
910128,345,345,345,345,0,4
910129,345.2,345.2,345.2,345.2,0,5
910130,350.3,350.3,350.3,350.3,0,4
910131,352.8,352.8,352.8,352.8,0,4
910201,351.1,351.1,351.1,351.1,0,4
910204,356.7,356.7,356.7,356.7,0,4
910205,360.6,360.6,360.6,360.6,0,4
910206,368.1,368.1,368.1,368.1,0,4
910207,365.95,365.95,365.95,365.95,0,4
910208,368.75,368.75,368.75,368.75,0,4
910211,378,378,378,378,0,4
910212,374.35,374.35,374.35,374.35,0,4
910213,378.6,378.6,378.6,378.6,0,4
910214,373.35,373.35,373.35,373.35,0,4
910215,378,379,377.1,377.65,3,5
910219,378.7,378.7,378.7,378.7,0,5
910220,374.85,374.85,374.85,374.85,0,5
910221,374.25,374.25,374.25,374.25,0,5
910222,374.85,374.85,374.85,374.85,1,5
910225,377,377,377,377,0,5
910226,372.65,372.65,372.65,372.65,0,5
910227,378.15,378.15,378.15,378.15,0,5
910228,375.7,375.7,375.7,375.7,0,5
910301,379.5,379.5,379.5,379.5,210,214
910304,380,381,377.75,377.9,1,214
910305,384,386.6,382.8,385.85,144,354
910306,387.6,388.9,384.3,385.4,11,357
910307,386,386.3,385,385,157,458
910308,385.7,388,383.8,384.2,3,461
910311,382,382.1,381.7,382.1,2,462
910312,380.9,383.5,378.5,379.45,9,466
910313,384.2,384.2,384.2,384.2,207,672
910314,382.45,382.45,382.45,382.45,559,1086
910315,379.8,383,378.9,381.15,376,1187
910318,381.7,381.7,381.7,381.7,52,1177
910319,378,378,375,375.65,59,1206
910320,374.9,377.9,374.7,377.1,476,1204
910321,378.9,379.9,375,375.4,39,1219
910322,376.65,376.85,374,376.85,1,1220
910325,378.5,378.5,378.5,378.5,0,1220
910326,385.5,385.5,385.5,385.5,387,1383
910327,386.1,387.5,382.8,384.35,155,1488
910328,382.05,382.05,382.05,382.05,151,1588
910401,382.4,383,378.1,379.25,266,1573
910402,381.2,388.4,380.7,387.85,52,1588
910403,388.8,390.1,386.5,386.5,92,1600
910404,389,390.6,385.9,387.9,128,1692
910405,388,389,382,383.2,73,1691
910408,382.4,386.75,382.3,386.75,227,1807
910409,384,386.9,380.7,381.2,387,1935
910410,379.8,382.8,378.6,381.5,197,1871
910411,386.15,387,385.2,386.7,19,1857
910412,387.75,387.75,387.75,387.75,31,1853
910415,388.1,389.6,385.8,387.8,2,1845
910416,389.7,395.5,386.7,394.85,103,1894
910417,394.9,399.05,394.6,397.95,663,2463
910418,397.6,399.3,395.5,396.8,1135,3035
910419,392.3,392.3,392.3,392.3,659,3299
910422,389.7,389.7,387.7,389.2,43,3080
910423,388.7,388.7,388.7,388.7,72,3096
910424,388.4,391,387.2,389.7,538,3279
910425,386,386,386,386,116,3282
910426,384.2,387.4,383.7,385.75,16,3278
910429,387.8,388.2,380.8,381.15,7,3277
910430,382.5,384,379.8,381.3,62,3267
910501,383,387.3,382.8,387,68,3280
910502,388.3,388.4,386,386.8,209,3270
910503,386.1,387.7,385.15,387.4,28,3271
910506,386.1,386.9,383.75,385.8,32,3268
910507,386.5,387.3,382,382.35,19,3279
910508,382.35,386.25,382.2,385.35,16,3284
910509,388.9,390.5,385.3,390.1,69,3340
910510,390.25,390.4,380.6,381.45,97,3381
910513,381.7,383.5,380.8,383.2,134,3512
910514,381,381.45,376.7,378.1,32,3519
910515,375,379.1,371.9,374.9,116,3530
910516,375.5,379,375.5,378.1,3,3531
910517,375.7,379.8,375.5,379.6,8,3529
910520,378.7,378.7,378.7,378.7,10,3526
910521,382.7,383.4,378.65,382.4,19,3535
910522,382.85,382.85,382.85,382.85,219,3525
910523,380.5,384.65,379.5,381.35,150,3412
910524,383.4,384.95,383.4,383.85,172,3435
910528,383.9,389.2,383.05,388.3,29,3451
910529,388.7,390.5,387.8,389.7,183,3501
910530,390,394.6,389.1,393.25,164,3573
910531,392.8,396.2,391.7,395.45,32,3577
910603,396.9,396.9,393.5,394.15,75,3585
910604,392.8,394.7,391.3,394.45,103,3642
910605,394.5,395,390.9,391.75,40,3715
910606,391.8,392.8,389.6,390.2,196,3801
910607,388.6,389,385,386.15,590,3895
910610,385.45,386.5,384.1,384.65,284,3980
910611,385.8,388.55,385.8,388.05,182,3930
910612,384.2,384.2,379.5,383,120,3945
910613,383.25,384.4,382.4,384,367,4092
910614,384.9,388.7,384.9,388.05,131,4090
910617,387.5,388.5,386.4,386.8,43,4097
910618,386.5,388.5,383.9,384.9,85,4134
910619,382.6,382.8,380.15,380.9,337,4268
910620,381.4,382.5,379.3,381.5,172,4283
910621,383.1,383.8,381.25,383.65,65,4291
910624,381.2,381.2,376.2,376.5,177,4308
910625,377.95,378.25,375.6,376.8,237,4332
910626,376.8,378.75,374.2,378.35,167,4308
910627,379,380.4,378.7,380.4,265,4243
910628,379.3,379.3,373,375.05,366,4284
910701,378.6,383.65,378.6,383.45,253,4321
910702,383.05,383.7,382.6,383.6,353,4568
910703,381.4,381.4,377,379,390,4646
910705,377.2,381.5,377.2,379.1,112,4645
910708,377.3,383.4,375.4,383.2,238,4743
910709,383.3,384.1,380.1,381.6,435,4810
910710,382.6,386.1,379.6,381.6,176,4818
910711,383.3,383.3,380.1,383.25,659,5113
910712,384,387.2,380.1,385.55,368,5263
910715,385.95,388.2,385.4,387.5,187,5355
910716,387.25,388.4,385.7,387.35,399,5529
910717,386.35,388.2,385.8,386.35,574,5958
910718,386.5,390.6,385.8,389.75,250,5968
910719,390.4,390.4,388.1,389.6,338,6108
910722,388.8,389.6,386.1,388.15,339,6292
910723,389,390,383.7,384.6,408,6504
910724,385,385.3,382.55,383.65,744,6871
910725,384.2,385.9,382.5,384.75,519,7058
910726,384.85,386.1,383.9,384.8,251,7096
910729,385.25,387.8,384.4,387.3,1242,7884
910730,387.7,391.45,387.65,391.05,846,8266
910731,390.9,391.9,390.3,391.35,600,8694
910801,390.8,392.05,390.25,391.95,797,9104
910802,392.8,393.65,389.7,391.3,1161,9794
910805,391.1,391.5,388.4,389.5,724,10341
910806,388.5,395.15,388.1,394.45,1774,11380
910807,394.6,395.75,393.7,394.65,764,11714
910808,393.7,395.9,391.7,392.95,1140,12367
910809,393.45,393.85,390.35,390.55,332,12496
910812,390.4,392.5,389.45,392.1,655,12922
910813,392.7,396.5,391.8,392.85,1947,14636
910814,395,396.05,392.9,393.95,1136,14847
910815,393.7,395.8,392.8,393.65,888,15213
910816,393.6,394.7,386.1,389.55,1297,15738
910819,384.55,384.55,377.3,381.4,1950,16233
910820,382.75,383.55,379.75,383.1,1517,16705
910821,388.1,395.3,387.2,394.95,2975,17909
910822,395.8,396.3,393.5,395.05,1542,18584
910823,393.5,399.4,393.5,397.4,4988,20902
910826,397.7,398.15,396.4,397.25,1916,21765
910827,397,397.8,395.2,397.4,2162,23033
910828,397.1,400.75,396.8,399.7,2701,24438
910829,400,400.65,398.3,399.85,2132,25895
910830,399.75,400.3,396.7,398.45,4550,28427
910903,399.3,401.5,394.9,395.55,3489,30061
910904,395.9,396,391.8,394.05,4571,32991
910905,394.2,394.55,391.9,392.55,3146,34707
910906,393.55,394.25,390,392.3,7009,39446
910909,392,392.9,391,391.5,5361,43032
910910,391.95,392.1,386.8,387.9,13523,53139
910911,388.5,388.8,386.6,387.4,15254,63738
910912,388.5,390.6,388.5,390.4,42573,79369
910913,390.4,391.3,385.5,386.15,57726,96243
910916,386.65,389.2,385.45,388.9,48508,105087
910917,388,390,387.55,388.2,48595,111620
910918,387,389.45,386.7,389.15,33239,120125
910919,389,392.55,388.65,389.9,56101,130082
910920,391,391.5,388.7,390.3,40836,133761
910923,390.1,391.4,387.7,389.2,33337,133619
910924,389,391.4,386.7,390.3,41578,133927
910925,390.75,391.3,388.3,389.25,33486,134343
910926,387.8,391.2,387.3,389.8,35448,135751
910927,389.7,391.9,386.8,388.75,38847,136552
910930,388.3,391,386.4,390.3,42331,136714
911001,391.1,392.3,390.6,391.65,33333,136048
911002,392.1,392.6,389.3,389.45,34797,137684
911003,389.25,389.8,385.6,385.7,37050,137931
911004,386.6,387.5,382.2,382.4,44438,138163
911007,382.5,383.55,380.55,382,37368,138509
911008,382.2,383.55,381.1,382.05,40769,138720
911009,382,382.55,377.6,378.3,46494,139088
911010,378.7,382.8,377.9,382.3,46665,138729
911011,382.3,383.2,381.3,382.8,29799,137888
911014,383.4,388.7,383.1,388.55,33702,137908
911015,388.05,393.5,387.45,392.2,55452,139280
911016,392.7,395.2,391.7,394.6,45397,139641
911017,393.5,395.85,391.75,393.75,47480,141407
911018,394.25,394.85,392.9,394.55,34132,141218
911021,393.5,393.75,390.3,392.3,38138,141434
911022,391.4,392.95,388.6,389.4,41155,142667
911023,389.7,390.2,387.5,389.85,43366,142339
911024,389.1,389.6,384.75,386.3,50417,142989
911025,386.2,387.45,383.6,385.3,42731,143478
911028,386.5,390.9,386,390.6,44879,143001
911029,390.7,393.25,387.65,392.9,56511,141576
911030,393.1,394.2,391.45,393.75,43742,141085
911031,393.5,393.8,392.15,393.3,32161,140100
911101,393,395.7,389.9,391.8,52720,140160
911104,390.8,392.1,388.65,391.85,43912,139933
911105,391.9,393.75,388.9,389.7,46930,139892
911106,389.1,391.25,388.25,391.05,50543,139411
911107,391.3,394.45,390.55,394.3,44740,139086
911108,396,397.75,393.2,393.45,41181,138987
911111,393.45,394.9,393,394.25,22582,138866
911112,395.3,398.4,395.05,397.3,40314,139341
911113,395,398.5,394.3,398.3,44440,137281
911114,399.2,399.2,396.5,397.95,39982,136780
911115,398.2,398.2,379,383.5,62962,140236
911118,384.5,386.3,380,386.05,59559,141016
911119,382.9,383.5,374.05,380.95,55773,145032
911120,381.5,382.2,378.15,378.4,58292,142235
911121,377.5,382.15,376.95,381.25,57053,143473
911122,379.9,380.65,374.45,375.5,58271,145961
911125,376.5,378.1,374.55,376.55,51818,145717
911126,377.7,379.6,372.1,379.5,63739,147610
911127,378.8,379.4,376.4,377.1,38933,143003
911129,376.1,377.05,374.75,375.7,17332,142707
911202,372,382.3,371.1,382.2,55964,140094
911203,381.4,382.4,380.5,380.55,44251,135972
911204,381.4,382.1,378.3,380.55,47138,133202
911205,379.9,380.6,376.55,378.15,45866,130157
911206,376.25,383,375.85,379.45,63470,121889
911209,379.7,381.9,377.6,378.85,54302,117288
911210,378,380.6,376.6,378.6,55123,107842
911211,379.5,380.3,375.1,377.95,61845,97636
911212,380,382.65,379.4,381.6,27993,83146
911213,383.3,385.5,383.3,384.8,17137,73716
911216,384.7,386.5,384.4,385,16621,64091
911217,384.5,385.1,382.85,383.05,14416,55347
911218,383.1,384.2,381.1,383.8,14139,46171
911219,382.95,383.85,380.4,382.9,19365,36487
