910624,382.6,382.6,382.6,382.6,0,0
910625,383.6,383.6,383.6,383.6,0,0
910626,384.8,384.8,384.8,384.8,0,0
910627,386.5,386.5,386.5,386.5,0,0
910628,381.6,381.6,381.6,381.6,0,0
910701,389.75,389.75,389.75,389.75,0,0
910702,389.7,389.7,389.7,389.7,0,0
910703,385.25,385.25,385.25,385.25,0,0
910705,385.6,385.6,385.6,385.6,0,0
910708,389.5,389.5,389.5,389.5,0,0
910709,388,388,388,388,0,0
910710,387.95,387.95,387.95,387.95,0,0
910711,389.6,389.6,389.6,389.6,0,0
910712,392.2,392.2,392.2,392.2,0,0
910715,393.7,393.7,393.7,393.7,0,0
910716,393.65,393.65,393.65,393.65,0,0
910717,392.9,392.9,392.9,392.9,87,87
910718,393,397.5,392.4,396.5,172,259
910719,395,396.5,395,396.5,58,317
910722,394.7,394.7,394.7,394.7,60,377
910723,391,391,391,391,0,377
910724,389.2,389.2,389.2,389.2,0,377
910725,390.2,390.2,390.2,390.2,0,377
910726,392.5,395,387,389,56,433
910729,394,394,394,394,0,433
910730,397.8,397.8,397.8,397.8,0,433
910731,397.3,397.3,397.3,397.3,0,433
910801,398.2,398.2,398.2,398.2,0,433
910802,397.5,397.5,397.5,397.5,0,433
910805,395.7,395.7,395.7,395.7,0,433
910806,400.8,400.8,400.8,400.8,0,433
910807,400.9,400.9,400.9,400.9,0,433
910808,399,399,399,399,0,433
910809,396.8,396.8,396.8,396.8,0,433
910812,397.75,397.75,397.75,397.75,0,433
910813,398.55,398.55,398.55,398.55,0,433
910814,399.7,399.7,399.7,399.7,0,433
910815,399.35,399.35,399.35,399.35,0,433
910816,395.05,395.05,395.05,395.05,0,433
910819,386.5,386.5,386.5,386.5,0,433
910820,388.4,388.4,388.4,388.4,40,473
910821,400.5,400.5,400.5,400.5,30,473
910822,400.4,402,399.7,401,21,474
910823,404.1,404.1,404.1,404.1,0,474
910826,404.15,404.15,404.15,404.15,16,490
910827,403.3,403.3,403.3,403.3,0,490
910828,405.55,405.55,405.55,405.55,0,490
910829,405.75,405.75,405.75,405.75,0,490
910830,404.4,404.4,404.4,404.4,0,490
910903,401.5,401.5,401.5,401.5,0,490
910904,399.95,399.95,399.95,399.95,0,490
910905,398.55,398.55,398.55,398.55,0,490
910906,398.2,398.2,398.2,398.2,0,490
910909,397.4,397.4,397.4,397.4,0,490
910910,393.85,393.85,393.85,393.85,0,490
910911,393.3,393.3,393.3,393.3,0,490
910912,396.4,396.4,396.4,396.4,0,490
910913,391.95,391.95,391.95,391.95,0,490
910916,394.7,394.7,394.7,394.7,0,490
910917,393.9,393.9,393.9,393.9,0,490
910918,394.85,394.85,394.85,394.85,0,490
910919,395,398,394.55,395.35,1,490
910920,395.75,395.75,395.75,395.75,80,549
910923,394.4,394.4,394.4,394.4,4,549
910924,395.4,395.4,395.4,395.4,43,569
910925,394.3,394.3,394.3,394.3,0,569
910926,394.5,396.2,392.5,394.8,25,580
910927,393.6,393.6,393.6,393.6,11,581
910930,395.35,395.35,395.35,395.35,3,584
911001,396.55,396.55,396.55,396.55,10,592
911002,394.3,394.3,394.3,394.3,0,592
911003,390.5,390.5,390.5,390.5,0,586
911004,387,387,387,387,15,586
911007,387.4,388,385.2,386.65,7,582
911008,387.3,388.3,386.1,386.65,24,584
911009,382.9,382.9,382.9,382.9,174,684
911010,383.25,387.5,382.55,386.9,95,771
911011,387.35,387.35,387.35,387.35,5,768
911014,393.15,393.15,393.15,393.15,10,776
911015,397.5,398,392.3,396.75,24,780
911016,397,399.6,396.5,399.1,27,781
911017,400,400,396.55,398.4,57,794
911018,399.2,399.2,399.2,399.2,23,793
911021,396.85,396.85,396.85,396.85,8,793
911022,394,394,394,394,20,770
911023,394.4,394.4,394.4,394.4,11,772
911024,392.5,392.6,389.2,390.75,5,773
911025,389.7,389.7,389.7,389.7,153,872
911028,390.7,395.2,390.6,395,78,941
911029,394.35,397.4,392.5,397.25,166,942
911030,398.1,398.4,395.8,398,10,946
911031,397.45,397.45,397.45,397.45,23,939
911101,397,399.8,394,395.75,118,947
911104,394.6,395.9,392.7,395.85,4,950
911105,396.3,397.2,392.9,393.6,21,949
911106,393.7,394.95,392.1,394.9,33,947
911107,394.4,398.4,394.4,398.15,210,1096
911108,400.55,401.5,396.9,397.3,35,1102
911111,398.4,398.5,397.25,398.15,0,1102
911112,401.1,401.1,401.1,401.1,130,1102
911113,398.3,402.35,398.3,402.2,179,1138
911114,401.8,402.7,400.5,401.8,28,1135
911115,398,401.85,383,386,86,1192
911118,388.4,389.65,383,389.45,44,1214
911119,386.2,386.7,377.45,384.5,91,1294
911120,385,385.6,382,382.1,118,1340
911121,381.1,385.55,381.1,384.8,783,1924
911122,383,384.1,378.1,378.9,134,1947
911125,379.5,381.2,378,379.95,205,2013
911126,381.8,382.75,376.1,382.75,70,2048
911127,382.25,382.8,379.9,380.4,39,1995
911129,378.9,380.4,378.4,379,2,2038
911202,374.5,385.6,374.5,385.55,55,2052
911203,385,385.8,383.85,383.85,18,2051
911204,384.8,385.2,381.6,383.8,21,2052
911205,382.8,383.85,379.9,381.4,156,2090
911206,379,386,379,382.4,92,2129
911209,383,384.65,380.4,381.75,141,2093
911210,382.5,383.1,379.4,381.25,77,2151
911211,382,382.9,377.7,380.55,45,2154
911212,382.35,385.2,382.35,384.4,411,2310
911213,386.8,388.1,386,387.6,74,2292
911216,387.45,389.2,387.2,387.9,260,2230
911217,387,388,385.7,385.85,294,2186
911218,385.7,387.25,384.1,386.7,438,2286
911219,385.6,386.8,383.4,385.9,636,2341
911220,389.1,390.3,387,389.35,535,2463
911223,389.5,400.4,389.25,400.2,258,2559
911224,399.9,404.45,399.2,402.15,836,2769
911226,403,407.4,401.85,407.25,175,2813
911227,407.2,409.25,407.1,409.15,137,2851
911230,408.9,418.05,408.9,417.7,170,2842
911231,418.3,421.4,415.3,419.7,857,2900
920102,419,422.8,413.8,421.75,282,2947
920103,420.1,423.2,419.8,421.7,383,3062
920106,421,422.7,419.5,421.15,105,3026
920107,419.5,421.05,418.15,420.85,537,3328
920108,419.2,423.75,417.9,420.6,384,3580
920109,420.9,423.85,418.6,420.35,613,3785
920110,419.9,421.1,416.3,417.65,476,3974
920113,417.5,418.65,416.45,417.15,253,4010
920114,417.7,423.9,417.1,423.1,395,3987
920115,423.6,424.4,421.2,423.1,414,4095
920116,422.6,422.6,417.3,421,449,4146
920117,420.9,421.9,418.5,420.75,713,4413
920120,418.75,421,417.4,418.85,153,4444
920121,417.8,418.25,414.2,415.85,85,4392
920122,415.6,421,415.5,420.65,400,4504
920123,420.8,422.6,416.3,416.55,967,4909
920124,418.3,420.45,416.1,417.25,244,4932
920127,418.8,419.3,416.5,417.05,351,4940
920128,418.1,418.9,416.2,416.9,489,5076
920129,416,420.35,410.8,412.35,1025,5469
920130,412.1,413.7,410.75,413.45,913,5791
920131,413.75,414.2,409.4,409.95,553,5841
920203,409.5,411.5,408.9,410.95,476,6033
920204,411.4,415.5,410.7,415.15,732,6245
920205,415.4,418.1,415,415,1135,6267
920206,415.5,416.2,413.5,415.85,730,6531
920207,415.8,417.3,409.3,413.4,1992,7425
920210,413.9,415.6,413.4,415.2,601,7671
920211,415.4,416.8,413.75,415.85,402,7863
920212,415.15,420.3,415,419.6,2366,9476
920213,418.8,419.65,413.7,415.6,2177,10888
920214,414.5,416.15,412.7,413.55,2111,12042
920218,414.35,415.6,407.5,409.6,1134,12388
920219,409.1,410.8,408.1,410.15,2287,13417
920220,410.6,415.5,410.15,415.2,1928,14374
920221,414.3,415.8,410.8,413.5,1931,15630
920224,413.3,415.2,411.85,412.85,2663,17086
920225,412.8,413.05,409.5,411.7,1328,17765
920226,412.8,417.2,412.7,416.7,3868,19863
920227,416.6,417.45,414.8,416.5,3798,21271
920228,417.2,417.9,412.9,413.8,3196,23063
920302,413.8,415.6,412.8,414.5,4069,25370
920303,414.1,415.65,413.25,413.95,7057,29736
920304,414.25,414.6,410.7,410.85,6014,32742
920305,409.9,411,406,408.85,7594,36165
920306,408.2,409.3,404.9,405.3,10391,41833
920309,405.85,407.1,405.5,406.85,4658,44061
920310,407.35,410.65,407.35,408.55,13084,52037
920311,408,408.2,403.75,406,18952,63188
920312,405.9,406.5,403.1,405.8,56477,80003
920313,407.1,407.85,404.75,407.15,55638,90375
920316,407,408.3,404.55,408.15,47128,99370
920317,408.4,411.4,408.4,410.85,50817,107990
920318,410.4,412.15,409.25,410.85,51158,113686
920319,411.5,412.2,410.1,411.1,44877,121584
920320,410.8,411.5,409.4,410.9,38685,125864
920323,410.8,411.3,409.5,411.2,30067,126338
920324,411.7,412.7,408.6,409.7,41384,126660
920325,409.2,411,408.6,409.4,36341,126584
920326,409.75,410.2,407.4,408.8,30277,125820
920327,408.2,408.3,403.45,404.05,46063,125482
920330,404.1,405.1,403.2,403.35,30593,125830
920331,403,406.5,402.3,404.2,49259,127923
920401,401.5,405.8,401.1,405.35,51546,128858
920402,405.35,405.35,399,399.6,44414,130810
920403,400.2,402.2,398.7,401.3,54189,131860
920406,402.5,406.85,402.5,405.8,42189,130315
920407,406,406,397.25,397.75,56950,133406
920408,396.25,397.7,392.4,395.25,71205,134916
920409,395.85,403.4,395.25,403.2,70371,133329
920410,404.5,405.7,403.3,405.5,54961,131425
920413,404.75,405.65,404.25,405.1,13098,131586
920414,408.2,414.9,407.7,413.65,54876,132528
920415,414.1,417.6,414.1,417.45,57881,134125
920416,417.3,417.3,413.7,415.7,51303,132031
920420,413.3,414.05,407.8,411,49595,131207
920421,411.1,412.15,408.4,410.2,49547,129924
920422,410,412.35,409.25,410.1,40111,129994
920423,410.1,412.2,406.8,410.95,61164,129429
920424,411.9,413.1,408.4,408.8,43420,129505
920427,409.15,410.1,407.45,409.35,39003,129623
920428,409,410.2,406.1,409.45,50225,128667
920429,410.3,412.9,409.5,412.65,44161,128397
920430,412.4,415,411.9,414.8,40720,128532
920501,415.25,415.4,409.3,412.6,46649,129281
920504,413.3,418.4,413.3,416.5,47287,127803
920505,416.3,418.45,415.55,416.75,41255,126266
920506,417.9,418.3,416.05,416.6,35976,125643
920507,416.2,417.05,415.15,415.95,31355,125467
920508,416.6,417.4,414.05,416.7,40402,124563
920511,416.9,419.05,416.45,418.3,35826,126328
920512,418.7,418.7,414.3,416.6,48889,127474
920513,416.4,417.2,415.4,416.15,37303,128338
920514,415.3,415.4,411.2,412.8,46319,131018
920515,410,412.25,410,411.2,45707,129749
920518,412.1,413.85,412.1,413.45,32309,132670
920519,413.7,417.6,412,417.35,39158,130628
920520,416.5,417.35,415.6,416.25,38456,128985
920521,414.3,414.3,411.3,412.7,47489,128690
920522,413.3,415.35,413,414.15,25171,127751
920526,412.7,412.7,409.8,411.85,42480,127168
920527,411.45,413,411.2,412.7,38041,123734
920528,412.9,417.25,412.15,416.9,36965,124081
920529,417.3,418.65,414.8,414.9,44429,123279
920601,414.4,417.2,412,416.8,47166,120246
920602,416.5,417.05,413.3,414.45,43126,118825
920603,413.7,417.25,412.9,414.2,49853,116247
920604,414.65,415.55,412.7,413.5,36401,108114
920605,413.25,414.55,411.4,414.3,45034,106832
920608,413.3,414.15,412.35,413.6,37136,98354
920609,413.9,413.9,409.3,409.6,53913,91927
920610,410,410.65,407.4,407.6,54322,78339
920611,407.8,409.5,406.5,409.4,28055,63550
920612,413,413,409.7,409.8,11149,56619
920615,408.2,412.25,408.2,410.85,15130,49273
920616,410.75,411.9,407.9,408.15,19072,40874
920617,407.2,407.7,401.2,401.4,17219,31477
920618,401.5,402.85,400.2,400.65,17521,23651
