931217,470.3,470.3,470.3,470.3,0,0
931220,471,471.2,469.8,470.95,82,51
931221,470.35,470.35,470.35,470.35,0,51
931222,472.3,472.5,470.3,472.25,321,366
931223,472.15,472.15,472.15,472.15,135,419
931227,474.8,475.25,474.6,475.25,29,427
931228,474.95,476.1,474.45,475.5,373,784
931229,475.5,475.5,475.5,475.5,112,914
931230,473.6,473.6,473.6,473.6,803,1321
931231,471.8,474.7,471.3,471.3,309,1647
940103,471,471.5,469,470.15,141,1647
940104,471.05,471.65,469.5,471.65,5,1648
940105,472.45,472.45,470.4,472.2,2,1649
940106,473.15,473.3,471.5,472,2,1651
940107,472.3,475,471.85,474.8,18,1652
940110,476.5,480,474,479.7,20,1659
940111,478.5,479.15,478.1,479.15,6,1659
940112,479,479.3,476.6,477.9,2,1660
940113,476,477.8,476,477.65,6,1656
940114,478,480,478,478.55,4,1618
940117,478,478.2,476.9,477.25,12,1623
940118,478.8,479.7,478.5,478.5,2,1624
940119,478,479,476.3,478.05,2,1625
940120,479.15,479.15,479.15,479.15,44,1653
940121,477.35,477.35,477.35,477.35,0,1653
940124,477.5,479.2,475,476.45,55,1704
940125,475.45,476.6,474.8,475.4,5,1705
940126,475.9,477.9,475.15,477.7,12,1707
940127,478.7,482.2,477.65,481.35,27,1717
940128,482.5,484,482.4,482.6,2,1716
940131,484.5,487.1,484.5,485.6,118,1816
940201,484.25,484.5,483.2,484.1,315,2221
940202,486.1,486.7,485.6,486.5,209,2417
940203,485.5,485.5,483.4,484.6,436,2751
940204,480.1,485.7,473.5,473.5,27,2766
940207,472.2,476.8,472.2,476.6,11,2767
940208,476.4,476.8,474.4,476.5,8,2769
940209,477.9,477.9,477.9,477.9,5,2766
940210,476,477.95,473.7,474.05,4,2763
940211,473.4,476.5,471.6,474.65,5,2762
940214,474.2,477.2,473.4,476.1,16,2774
940215,478.2,478.5,476.05,478.4,3,2776
940216,478.95,479.6,476.8,477.95,2,2776
940217,479.1,479.9,473.1,475.3,13,2772
940218,475,476.2,471,473.4,218,2915
940222,475,477.35,473.05,477.35,62,2967
940223,474.7,478,474.55,476.15,9,2976
940224,471.8,474,468.75,468.75,58,3025
940225,470.8,471.8,469.9,471.5,67,3079
940228,473.8,474.3,470.7,471.4,609,3564
940301,471.4,472.65,467.3,469.35,288,3606
940302,463.5,470.6,463.2,470.1,11,3614
940303,470.5,470.6,467.6,468.25,13,3616
940304,469.45,471.6,467.8,470.25,226,3729
940307,471.3,473.5,471.3,472.6,66,3748
940308,471.2,472.95,470.3,470.95,397,3767
940309,469.7,473.5,468.9,472.8,64,3769
940310,469.8,473.3,468.1,469.4,6,3767
940311,469.4,472.3,468,471.75,133,3818
940314,472.2,473,471.3,472.4,221,4011
940315,471.9,471.9,471.9,471.9,0,4011
940316,472.65,475.35,471.25,475,23,4026
940317,475.1,475.9,474,475.75,16,4040
940318,474.6,475.6,472.85,474.8,29,4034
940321,473.75,474.4,472.5,474.05,54,4050
940322,474.1,476.4,473.5,474.95,271,4252
940323,474.95,474.95,474.95,474.95,205,4428
940324,471.8,472.55,467,469.45,50,4468
940325,469.8,470.55,464.4,464.4,13,4468
940328,466.7,466.7,461.6,465.7,29,4467
940329,464.6,464.6,455,455.9,93,4491
940330,455.55,457.5,449.2,450.05,167,4557
940331,448.75,451,439,450.85,200,4674
940404,438.85,445.25,438.85,443,383,4914
940405,448,452.65,448,452.65,165,4934
940406,453,453.3,448.8,451.05,64,4913
940407,449.9,456,449.8,454.6,421,5305
940408,453.2,453.7,449.4,451.15,125,5315
940411,452,455,451.6,454.7,31,5316
940412,452.3,454.85,451.7,452.2,80,5311
940413,452.9,452.9,446.8,450.25,11,5307
940414,447.6,452.1,447.5,450.3,134,5363
940415,451.2,451.7,449.2,450.05,57,5406
940418,451.6,451.9,445.3,446.9,67,5426
940419,447.5,449.3,443.3,447.7,48,5427
940420,449,449.5,443.9,447.4,65,5447
940421,449,454.3,447.7,454.05,308,5640
940422,453.7,454.7,451.9,452.6,6,5641
940425,454.05,457.7,452.3,456.75,71,5644
940426,456.1,457.1,455.4,456.35,21,5646
940428,454.3,456.4,452.2,453.75,144,5758
940429,452.2,456.1,452,455.1,25,5764
940502,455.5,458.35,453.1,457.7,107,5839
940503,458,458.2,454.6,456.85,270,6005
940504,454.1,457.2,454.1,455.9,890,6711
940505,456,457.2,455.2,455.5,218,6846
940506,452.5,453.3,449.8,451.8,227,7027
940509,450.7,451.85,447.05,447.2,75,7022
940510,450.2,452.3,449.1,451,244,7083
940511,450.4,451.45,446,446.65,128,7105
940512,449.2,450.2,447.9,448.6,191,7222
940513,449.6,450.3,446.1,449.55,214,7329
940516,449.4,451.5,449.15,449.6,505,7718
940517,449.7,455.8,449.1,455.8,369,7776
940518,456.1,459.95,453.9,459.3,184,7865
940519,460,462.25,458.3,461.4,202,7825
940520,460.1,461,459,459.95,70,7821
940523,459.05,459.05,459.05,459.05,44,7824
940524,459.1,462,459.1,460.45,52,7847
940525,458.8,461.7,456.7,461.2,137,7914
940526,462.35,462.35,462.35,462.35,67,7947
940527,460,462.55,459.5,461.65,14,7949
940531,462.2,462.6,459.7,461.4,45,7984
940601,460.4,463.25,458.9,462.85,147,8070
940602,462.75,463.35,462.05,462.55,252,8244
940603,461.8,466.5,460.65,465.05,164,8249
940606,465.7,466.7,463.8,463.9,180,8209
940607,463.1,464.7,462.4,462.55,231,8257
940608,462.6,464.05,459.9,461.7,33,8244
940609,461.6,462.6,460.85,462.45,186,8336
940610,464,464,461.6,462.9,116,8382
940613,461.9,463.7,461.5,463.7,156,8400
940614,464.5,466.75,464.5,466.6,162,8497
940615,466.75,467.15,463.4,464.3,279,8584
940616,464,465.7,463.7,465.5,247,8669
940617,465.35,465.9,461.65,462.3,94,8754
940620,460,460.6,458.1,459.2,527,8981
940621,458.6,458.8,453.1,455,720,8995
940622,456.6,457.75,455.55,456.8,1408,9716
940623,456.45,457.9,453,453.1,790,9946
940624,451.4,452.5,442.5,444.55,1332,9992
940627,444.6,451.7,443,451.7,769,10133
940628,451.1,452,446.25,449.6,1071,10522
940629,449.6,454.05,449.35,451.3,543,10646
940630,451.9,452.2,446.1,447.55,740,10628
940701,449.3,449.8,446.6,449,398,10759
940705,449,451.15,448.2,449.55,407,11001
940706,448.7,450.8,447.3,449.3,509,11367
940707,449.3,452.1,449.3,451.9,147,11311
940708,449.25,453.3,449.25,452.4,229,11384
940711,452.4,453.5,448.4,449.8,674,11607
940712,451.4,451.4,447.6,451.3,614,11655
940713,451.25,453.15,451.2,452.15,238,11733
940714,453.2,457.8,453.2,456.5,708,11700
940715,456.5,457.5,455.9,457.35,792,12084
940718,457.6,459,456.6,458,599,12277
940719,457.7,458.5,456.9,457.4,473,12400
940720,457.05,457.05,453.6,454.45,453,12414
940721,454.5,456.2,453.7,455.8,282,12501
940722,456.35,457,454.95,456,139,12545
940725,455.9,457.1,455.5,456.8,220,12631
940726,456.5,456.6,455.4,456.45,248,12584
940727,455.65,455.65,454,455.6,461,12968
940728,455.4,458.05,455.3,457.6,1045,13520
940729,459,462.5,458.5,461.35,1233,14125
940801,460.65,463.65,460.65,463.55,690,14213
940802,464.1,465.7,462.15,463.3,1578,15278
940803,462.8,464.25,462.35,463.85,776,15542
940804,463.7,463.7,460.55,460.7,680,15859
940805,459,460,458.1,459.8,1846,16365
940808,460,460.75,459.6,460.4,1041,16797
940809,459.05,461.05,459.05,461,1699,18032
940810,461.05,463.7,460.75,463.65,1285,18228
940811,462.2,464.25,459.2,460.95,1818,18745
940812,461.75,465.35,461.6,465.25,1040,19161
940815,464.8,466.2,464.25,464.6,2130,20491
940816,464.5,468.35,461.9,468,2340,22096
940817,468.4,468.7,467.25,467.5,2221,23237
940818,466.5,467.6,464.5,465.85,3165,25004
940819,466.5,466.8,464.3,466.3,1508,26137
940822,465.4,465.65,463.95,465.35,4590,29737
940823,466.05,469.85,465.95,467.7,8327,34610
940824,468,472.55,467.5,472.25,2986,35556
940825,471.9,473.1,470.25,471,6195,39306
940826,472.35,479.65,472.35,478,4792,41728
940829,478.9,480.8,477,477.65,7473,44580
940830,477.45,479.9,476.4,478.9,6407,49120
940831,478.4,480.95,476.5,476.75,8383,53908
940901,476.3,476.6,474.2,476.35,15750,62541
940902,477.55,477.85,472.8,474.05,0,0
940906,473.4,474.7,472.1,473.85,19412,86000
940907,474.6,474.8,472.2,473,28491,107245
940908,473.3,476.25,472.95,475.25,81761,130015
940909,471.5,471.9,467.85,470.15,108716,152570
940912,470.25,470.8,467.5,467.65,74597,166875
940913,468.9,471.15,468.3,469.25,88410,178732
940914,468.8,471,468.45,470.8,77236,190578
940915,470.7,476.1,470.7,475.65,70172,198951
940916,472.25,474,471.25,472.55,72050,201822
940919,473.3,475.45,472.4,472.55,56500,201610
940920,470,470.8,463.7,463.95,80436,203802
940921,464.8,464.9,459.7,463.65,102525,205584
940922,464.6,465.55,462.6,462.75,67312,204183
940923,463.3,464,460.5,461.95,63904,203288
940926,462.2,463.5,461.55,463.15,50620,203042
940927,463.2,465.15,461.2,463.95,73635,204926
940928,464.9,467.7,464.5,466.45,65067,206332
940929,466.15,466.2,462.6,464,68525,206585
940930,464.2,466.85,463.1,463.25,66198,206342
941003,464,464.2,461,463.25,62062,209281
941004,464.3,464.5,454.55,455.05,97703,214763
941005,454.6,455.1,450.2,454.25,114635,216447
941006,455.25,455.85,453,453.9,65732,217439
941007,453.3,457.2,452.6,456.65,83800,218572
941010,457,460.9,456.9,460.65,50652,219317
941011,461.9,468.9,461.85,467.4,106323,214044
941012,466.5,468.4,466.05,467.65,59619,215350
941013,472,473.75,468.7,469.15,85195,216207
941014,469.8,471.35,467,471.25,72676,214030
941017,470.25,471.55,469.1,470.05,56262,212399
941018,469.85,470.2,467.4,468.5,63880,212742
941019,467.6,473,466.6,470.9,79868,215333
941020,470.2,471.25,466,467.4,86335,217519
941021,466.5,467,464,465.75,75318,224118
941024,465.5,467.7,461.5,462.15,86508,221738
941025,460.3,463.4,459.35,462.4,83970,224299
941026,464.3,464.5,461.6,463.35,72112,222494
941027,464.8,467.3,463.7,467.2,66278,224300
941028,467.2,476.9,466.75,476.2,99588,220715
941031,475.95,476,472.35,472.45,71527,210802
941101,472,472.3,468.3,469.15,79258,204208
941102,468.3,472.45,466.65,466.85,91288,205154
941103,467.7,469.8,466.85,468.8,66852,204975
941104,470,470.8,461.7,462.4,96079,211112
941107,463,464.9,461.6,464.5,68008,213067
941108,464.6,468.75,463.9,466.95,74915,210194
941109,471.55,471.75,463.3,465.8,97089,211290
941110,467.7,469,463.8,465.2,82640,209084
941111,463.9,464.5,461.7,462.8,54576,207733
941114,464.1,467.7,464.1,467.1,62002,203899
941115,466.8,470,461,465.65,85005,206360
941116,466.3,467.5,464.65,466.85,69233,207255
941117,466.9,467.25,461.85,464.35,81915,205410
941118,463.9,464.8,460.7,463.2,79104,206911
941121,463.2,464.7,457.4,457.6,64251,208734
941122,457.7,459.1,446.5,447.15,92344,210839
941123,447.9,451.4,444.5,450.55,102455,209781
941125,450.9,453.8,450.6,453.65,38518,207092
941128,452.3,455.25,451.4,454.95,73245,203589
941129,454.3,456.35,451.9,456.25,86668,200641
941130,456.7,457.8,453.8,453.95,83569,194738
941201,453.55,453.95,448,449,96093,195046
941202,448.8,454,447.75,453.9,97729,192238
941205,454.5,455.85,452.1,454.05,77700,185186
941206,452.5,454.9,450.25,453.85,90079,177810
941207,452,453.35,450.2,452.1,101666,158625
941208,451.7,453,445.1,445.95,49154,140203
941209,444.7,448.2,443.65,447.9,28120,128993
941212,446.7,450.3,446.6,450.15,28456,117092
941213,450.6,452.6,449.9,450.9,33692,105192
941214,451.1,456.7,451,454.8,32177,88367
941215,455,457.7,454.7,455.4,37183,75892
