940916,482.65,483.2,481.2,483,0,0
940919,485.2,486,482.9,483.1,102,101
940920,479.2,479.8,474.6,474.6,2,103
940921,472.85,475.6,470.9,474.6,3,107
940922,473.85,473.85,473.85,473.85,11,117
940923,472.9,472.9,472.9,472.9,0,117
940926,474.4,474.4,474.4,474.4,0,116
940927,475,475,475,475,0,116
940928,477.5,478.8,477.5,477.65,1,117
940929,475.35,475.35,475.35,475.35,0,117
940930,474.65,474.65,474.65,474.65,1,118
941003,473.3,475.45,472.2,474.8,3,119
941004,474.7,476.4,466.35,466.35,1,120
941005,465.5,466.4,462,465.55,13,120
941006,465.7,467,464.6,465.35,5,123
941007,468,468.4,464,468.1,102,207
941010,472.15,472.15,472.15,472.15,0,207
941011,477,480.3,477,479,70,275
941012,477.8,479.6,477.5,479.05,2,278
941013,482.5,485,480.3,480.3,48,283
941014,479,482.6,478.6,482.6,2,285
941017,481.45,482.8,480.7,480.8,48,320
941018,479.25,479.25,479.25,479.25,52,370
941019,481.6,481.6,481.6,481.6,191,555
941020,480,480,477.3,478.15,32,557
941021,476.8,476.8,476.8,476.8,0,557
941024,472.8,472.8,472.8,472.8,54,588
941025,473.4,473.4,473.4,473.4,7,593
941026,474.45,474.45,474.45,474.45,3,591
941027,478.25,478.25,478.25,478.25,0,591
941028,483.9,487.7,483,487.25,7,592
941031,486.5,486.7,483.5,483.5,1,595
941101,482.5,482.5,479.8,480.15,5,593
941102,479.9,483.5,477.7,478.1,101,693
941103,480.1,480.1,480.1,480.1,50,743
941104,480,482.1,473.3,473.9,2,744
941107,475.8,475.8,475.8,475.8,1,744
941108,476.6,480.05,475.45,478.25,7,747
941109,482.1,482.3,476,477.1,15,753
941110,476.5,476.5,476.5,476.5,0,753
941111,474.1,475.75,473,474.1,1,753
941114,476.2,478.8,476,478.35,2,754
941115,479,481.15,473.1,476.95,69,822
941116,478.35,478.35,478.35,478.35,132,981
941117,477.25,478.6,473.5,476.05,169,1056
941118,473.4,476.4,472.4,475.2,504,1436
941121,469.6,469.6,469.6,469.6,40,1447
941122,463,471.1,458.5,459.15,13,1447
941123,460.5,462.7,456.55,462.1,164,1487
941125,465,465,465,465,0,1487
941128,465.7,467.1,463.2,466.55,1,1487
941129,468.25,468.25,468.25,468.25,98,1538
941130,469.3,470,465.8,465.95,106,1588
941201,460.85,460.85,460.85,460.85,5,1588
941202,461,466,460.2,465.9,3,1589
941205,466.05,466.05,466.05,466.05,171,1696
941206,466.5,466.8,462.55,465.9,1,1697
941207,464.3,464.3,464.3,464.3,0,1697
941208,463.7,465.05,457.7,458.25,27,1697
941209,460.2,460.5,456.3,459.9,2,1697
941212,459.9,463.05,459.4,462.5,570,2103
941213,462.95,465.2,462.9,463.7,39,2125
941214,468,469.6,467.3,467.65,30,2145
941215,467.8,470.35,467.5,467.9,243,2154
941216,470,471.8,470,471.2,73,2151
941219,470.2,471.3,470,471.3,2,2153
941220,469.75,469.75,469.75,469.75,0,2153
941221,473.6,475.4,473.6,474.25,43,2157
941222,474.2,474.3,472.4,472.5,2,2156
941223,473.9,474.1,472.9,472.9,4,2156
941227,475.55,475.9,474.6,475.25,37,2150
941228,473.35,473.6,471.3,473.6,52,2181
941229,474,474.6,473,474,86,2201
941230,473.35,474.7,470.8,471.2,528,2628
950103,471.3,471.4,470,471,566,2573
950104,472.35,473.3,470,473.3,202,2729
950105,472.9,472.9,472.9,472.9,56,2725
950106,473,474.6,471.5,472.55,139,2700
950109,473.35,473.35,473.35,473.35,0,2661
950110,473.65,473.65,473.65,473.65,52,2760
950111,471.85,475.5,470.5,473.95,220,2634
950112,473.6,473.6,473.6,473.6,18,2630
950113,476.1,478.15,475.9,478.15,24,2651
950116,478.6,481.4,478.05,480.85,22,2660
950117,479.1,481.3,478.9,481.3,57,2670
950118,480.4,480.4,480.4,480.4,32,2691
950119,477.9,477.9,477.9,477.9,83,2741
950120,476.35,476.35,476.35,476.35,41,2765
950123,473.8,477.4,472.7,477.15,1,2765
950124,477.5,477.5,477.5,477.5,5,2765
950125,479,480.75,475.6,478.9,18,2765
950126,478.6,480.1,477.2,480.1,66,2826
950127,480.35,480.35,480.35,480.35,125,2925
950130,480.1,480.5,478.3,478.65,17,2940
950131,481.3,481.4,478.6,481,30,2960
950201,483,483.05,479.5,480.85,83,2968
950202,482,483.75,480.75,483.6,4,2968
950203,485.1,490.5,485.1,489.8,35,2969
950206,489.3,492.8,489.2,491.6,58,2933
950207,491.8,491.8,491.8,491.8,6,2931
950208,492.1,493.7,490.95,491.2,8,2932
950209,491.65,492.3,490.5,491.5,259,3032
950210,491.2,492.75,489.8,492.65,157,3059
950213,492.3,493.45,492,492.45,27,3070
950214,492.7,493.65,490.9,492.7,31,3081
950215,492.2,496.5,492.2,495.7,14,3080
950216,494.7,495.3,493.2,495.15,55,3092
950217,493.3,493.3,493.3,493.3,304,3090
950221,492.85,493.75,492.7,493.2,19,3092
950222,494.9,496.2,492.8,495.65,284,3193
950223,496.9,498.9,496.2,497.3,176,3430
950224,496.4,497.95,495.3,497.35,341,3503
950227,493.65,497.5,492.2,493.4,69,3530
950228,493.7,497,493.25,497,823,4171
950301,495.5,497.5,493.9,494.65,53,4172
950302,492.9,495.05,492.4,495.05,87,4194
950303,492.1,494.85,491.75,494.4,25,4194
950306,490.75,495.3,490.75,494.8,304,4187
950307,492.9,493.9,488.1,490.75,237,4189
950308,491.75,493.3,490.1,491.85,114,4213
950309,490.9,492.6,490.7,491.75,101,4239
950310,492.4,500.3,492.1,499.5,137,4285
950313,499.1,500.4,498.1,498.55,527,4667
950314,499,502.7,499,501.85,762,4956
950315,501.8,501.8,499.3,500.65,684,5431
950316,500.4,504.4,500.4,503.95,468,5527
950317,503.4,505.3,503.2,504.2,98,5576
950320,504.2,505.05,503.45,504.55,71,5624
950321,504,507.9,502,503.7,569,5870
950322,503.4,503.9,501.55,503.8,107,5885
950323,503,505.1,502.1,503.65,138,5899
950324,504.8,509.9,504.7,509.65,971,6304
950327,510.2,511.9,509.35,511.8,1960,7181
950328,511.15,511.9,509.85,511.65,1770,7752
950329,511.25,516.75,508.6,510.8,2381,8448
950330,512.6,512.65,508.6,510.65,564,8501
950331,507.9,509.6,502,508.65,876,8919
950403,508,509.55,507.8,508.95,123,9000
950404,509.8,512.7,509.8,512.2,553,9213
950405,512.2,513.4,511,513.3,147,9297
950406,513.8,514.75,512.3,513.95,844,9616
950407,514.9,515.15,510.75,513,810,10270
950410,512.15,514.4,511.95,514.15,378,10486
950411,515.6,516.2,512.2,512.4,348,10527
950412,513,514.4,512.2,514.3,626,10857
950413,514.6,517,514.3,516.45,646,11439
950417,517.9,519.1,511.6,512.5,762,11850
950418,513.5,513.8,510.3,511.95,388,12089
950419,511.95,512.5,507.5,510.85,957,12681
950420,512.1,513.1,509.45,511.55,450,12967
950421,512.1,514.6,511.9,514.5,715,13374
950424,513.9,519.85,513.9,519.3,1113,14170
950425,518.7,519.9,517.5,517.75,1138,14551
950426,518,519.6,516.45,518.55,982,14761
950427,517.8,520.15,517.4,519.65,1222,15169
950428,519.5,521.6,516.3,521.1,470,15176
950501,520.55,521.4,519.1,519.65,372,15338
950502,519.7,521.3,518.6,520.95,1080,16139
950503,522,527.05,521.9,526.85,1773,17408
950504,527.7,531.6,525.3,527.25,1370,18295
950505,528.9,529,523.5,525.55,1449,19088
950508,525.25,531.4,524.6,529.55,1412,19227
950509,530.8,532.1,527,528.6,1257,19799
950510,530.7,530.7,526.85,529.6,1606,20709
950511,529.45,530.9,527.85,530.9,1318,21228
950512,529.4,533,528.8,531.5,1459,22165
950515,532.2,534.3,530.55,534.2,1364,22950
950516,533.5,535.35,532.5,533.85,5133,25503
950517,534.35,534.35,530.9,532.1,1253,25956
950518,531.3,531.4,522.9,523.4,1243,26288
950519,522.5,525.4,522.05,524.7,1696,26820
950522,525.3,530.5,524.9,529.75,1711,27406
950523,530.2,534.7,529,534.45,4061,28634
950524,535.35,537.3,530.3,533.8,6047,32247
950525,533.2,534.7,529.9,534.35,4601,34211
950526,533.25,533.25,526.3,528.35,5320,35514
950530,530.1,531.25,526.4,528,7384,39009
950531,528.5,538.8,526.8,537.9,7227,42660
950601,537.4,539.9,534.9,538.3,12884,47765
950602,535.3,542.7,533.6,536.55,12489,53915
950605,537.2,543.1,536.8,541.1,7943,58912
950606,540.4,542.4,539.5,539.8,21710,73422
950607,539.2,539.9,536.1,537.75,21646,87926
950608,536.8,538.75,535.75,536.15,58940,104857
950609,536.15,536.15,529.7,533.15,95226,120948
950612,534.2,538.1,533.95,536.8,89265,138378
950613,538.7,541.65,536.6,540.8,89138,159413
950614,540,541.8,538.75,540.6,79133,176648
950615,541.2,544.3,539.9,542.8,89812,186741
950616,541.8,544.9,541.8,543.9,31203,193629
950619,545.7,550.4,544.6,549.65,49690,193930
950620,548.6,550.2,547.6,549.3,45865,193298
950621,549.6,550.9,548.6,548.95,44199,193997
950622,550.6,555.95,550,555.35,63650,196552
950623,554.5,555,552.3,554.9,47426,194971
950626,553.6,554.8,547.85,548.2,60414,194283
950627,548.5,551.75,546.5,547.15,68916,199473
950628,547.5,551.35,544.8,549.4,75032,199071
950629,549.1,550.6,544.4,548.45,63881,196982
950630,549.4,551.25,546.75,547.15,52893,193153
950703,548.7,550.5,547.9,549.55,21175,190594
950705,550.7,554.1,549.5,552,50364,191127
950706,551.25,558.2,550.05,557.85,61086,196343
950707,556.7,560.4,556.25,560.05,65013,196223
950710,560.6,562.5,559.5,561.2,50544,198489
950711,560,560.8,556.8,557.75,60215,199871
950712,558.8,565.8,557.4,564.1,68251,200907
950713,563.25,565.5,562.1,564,54942,198441
950714,561.2,563.6,559.7,562.75,60694,196285
950717,563.5,566.5,562.7,565.45,58066,195710
950718,564.95,565,559.9,560.9,73355,198858
950719,557.5,559.5,546,553.9,102675,205688
950720,554.5,557.6,551.7,556.25,85370,198168
950721,555.5,557.9,553,555.35,63481,197401
950724,556.6,560.5,556.35,560.4,81900,196455
950725,559.5,565,558.6,563.3,69770,197719
950726,563.8,566.4,562.7,564.05,67587,197600
950727,565.9,568.3,565.6,567.55,51601,196451
950728,568,568.45,563.9,564.3,53076,196925
950731,564.1,565.25,561.8,563.15,50243,197580
950801,563.1,563.55,558.6,561.4,67096,196933
950802,565.5,568.9,559.1,559.35,82999,196419
950803,556.75,560.5,555.3,560.45,67856,196897
950804,560.9,561.6,559.45,560.6,44277,195298
950807,561.1,563.2,560.7,561.25,36664,193984
950808,562.5,563.6,559.25,561.85,48712,193580
950809,562.75,563.6,560.7,561.9,46488,192806
950810,561.5,562.7,557,558.5,58722,193320
950811,559,559.8,554.2,557.2,74623,193618
950814,557.75,561.8,556.5,561.7,63511,193128
950815,560.4,561.6,556.25,560.05,81951,191851
950816,559.75,561.2,558.55,560.6,60057,191404
950817,561.25,561.5,558.3,560.6,63501,189568
950818,561.9,563.3,559.1,561.6,61101,188395
950821,563.1,565.5,558.5,558.85,71039,188184
950822,559.5,560.85,556.8,559.9,68353,184721
950823,560.1,561.2,557.7,557.8,52398,182185
950824,558.2,560.1,555.9,559.1,67585,180245
950825,559.7,563,559.3,562.05,57345,177756
950828,562.7,563.3,558.5,559.4,63650,173436
950829,559.8,561.1,556.15,560.55,65170,172478
950830,561.1,562.45,560,561.15,61401,167448
950831,561.2,563.25,560.7,562.85,49592,160899
950901,561.85,565.35,561.2,564.95,50184,158861
950905,565.5,569.7,564.7,569.35,66419,150828
950906,569.3,571.3,569.2,571.15,80698,134978
950907,570.6,571.3,569.5,571,44558,114707
950908,572.4,573.55,568.9,573.4,22955,102257
950911,573.4,575.2,573,573.9,17440,94224
950912,574.9,576.85,572.8,576.65,33324,79441
950913,576.4,580.25,575.7,579.45,30836,62838
950914,580.7,584.9,579.55,584.25,23717,54147
950915,586.63,586.63,586.63,586.63,4757,52105
